lnN lnDN
1.151292546497022862e+01 6.161207321695076899e+00
1.150817419554474164e+01 6.177944114050600177e+00
1.150331947482499295e+01 6.232448016550522496e+00
1.149816709399468273e+01 6.163314804034641270e+00
1.149333481520522504e+01 6.148468295917647097e+00
1.148855080182857336e+01 6.129050210060545290e+00
1.148383645236025252e+01 6.251903883165888409e+00
1.147847893723586132e+01 6.224558429275360183e+00
1.147323824301863660e+01 6.192362489474872334e+00
1.146813728218009487e+01 6.144185634125645556e+00
1.146325191072665639e+01 6.113682179832231611e+00
1.145849039827534099e+01 6.190315405853147546e+00
1.145332406947913917e+01 6.175867270105761087e+00
1.144820559405644644e+01 6.163314804034641270e+00
1.144312512471095289e+01 6.118097198041348328e+00
1.143824502129364085e+01 6.037870919922137425e+00
1.143371990678925343e+01 6.063785208687607842e+00
1.142905460593308220e+01 6.137727054086234091e+00
1.142400681574724963e+01 6.163314804034641270e+00
1.141880158123838918e+01 6.047372179046277552e+00
1.141414326467252494e+01 6.079933195095589937e+00
1.140930787398082380e+01 6.073044534100405123e+00
1.140448242543580548e+01 6.104793232414984949e+00
1.139947677246264846e+01 6.111467339502678620e+00
1.139441216273410085e+01 6.124683390894205104e+00
1.138925387576334103e+01 6.049733455231957713e+00
1.138444415632167761e+01 5.961005339623273613e+00
1.138002244630600046e+01 6.016157159698353851e+00
1.137532867695578176e+01 6.104793232414984949e+00
1.137017456009384375e+01 6.006353159601732550e+00
1.136548058426357244e+01 6.003887067106538744e+00
1.136077611448008362e+01 6.133398042996648591e+00
1.135539407698349201e+01 6.040254711277413868e+00
1.135046535727182970e+01 6.030685260261263281e+00
1.134555951349984682e+01 6.061456918928016968e+00
1.134047502797153761e+01 6.033086221798801496e+00
1.133550786410458322e+01 6.011267174404161473e+00
1.133062390797627650e+01 6.040254711277413868e+00
1.132557126564819860e+01 5.978885764901122002e+00
1.132079596718518744e+01 6.052089168924417173e+00
1.131563239224612794e+01 5.986452005284437661e+00
1.131077256046766699e+01 6.042632833682381133e+00
1.130560604900290400e+01 6.040254711277413868e+00
1.130042507375449823e+01 5.908082938168931264e+00
1.129586338397188605e+01 5.963579343618445883e+00
1.129101864858401250e+01 5.981414211254480584e+00
1.128606250522422449e+01 6.045005314036012045e+00
1.128075378244601445e+01 5.924255797414532232e+00
1.127602522279719466e+01 6.028278520230697879e+00
1.127075198774921283e+01 5.973809611869261182e+00
1.126573253164849220e+01 6.042632833682381133e+00
1.126032735598082013e+01 6.008813185442594573e+00
1.125507400247712120e+01 5.948034989180645660e+00
1.125010509650311974e+01 6.030685260261263281e+00
1.124467993974359814e+01 5.874930730852030436e+00
1.124001377142189817e+01 6.023447592961033159e+00
1.123457306875917894e+01 5.910796644040527070e+00
1.122968683910467824e+01 5.955837369464830999e+00
1.122454981871840296e+01 5.948034989180645660e+00
1.121942650719688217e+01 5.945420608606575286e+00
1.121429029239351927e+01 5.924255797414532232e+00
1.120923595437263032e+01 5.953243334287784627e+00
1.120400613663461442e+01 5.837730447165939474e+00
1.119932369403269590e+01 5.888877958332880524e+00
1.119437172885136000e+01 5.855071922202427004e+00
1.118956094564504511e+01 6.013715156042802157e+00
1.118389348089669966e+01 5.983936280687190745e+00
1.117836140661831656e+01 5.993961427306569334e+00
1.117274235155466577e+01 5.950642552587726897e+00
1.116733175389945387e+01 5.796057750765371885e+00
1.116267271169024511e+01 5.826000107380449933e+00
1.115784924239519249e+01 5.886104031450155816e+00
1.115270137310765008e+01 5.940171252720431561e+00
1.114723860687047718e+01 5.857933154483458971e+00
1.114218057334025147e+01 5.796057750765371885e+00
1.113740258073377021e+01 5.888877958332880524e+00
1.113213345706694746e+01 5.849324779946859287e+00
1.112704237158978593e+01 5.808142489980443912e+00
1.112213219709393286e+01 5.808142489980443912e+00
1.111719779376779549e+01 5.802118375377062875e+00
1.111226877785436962e+01 5.823045895483018874e+00
1.110721032560685551e+01 5.910796644040527070e+00
1.110165855893422737e+01 5.805134968916488170e+00
1.109663699502822709e+01 5.762051382780176922e+00
1.109180342428601662e+01 5.811140992976700836e+00
1.108670137240212128e+01 5.765191102784844368e+00
1.108180403004827852e+01 5.777652323222656428e+00
1.107682072072995183e+01 5.808142489980443912e+00
1.107165699789678648e+01 5.786897381366707727e+00
1.106657586038860330e+01 5.723585101952380683e+00
1.106178284336541218e+01 5.811140992976700836e+00
1.105652489318231169e+01 5.808142489980443912e+00
1.105125501811349231e+01 5.697093486505404591e+00
1.104651537123462290e+01 5.739792912179233930e+00
1.104154488816716650e+01 5.749392985908253095e+00
1.103650126792157060e+01 5.720311776607411858e+00
1.103157773402383590e+01 5.707110264748875395e+00
1.102669488805961784e+01 5.771441123130015782e+00
1.102146119468285690e+01 5.680172609017067664e+00
1.101665999253556727e+01 5.777652323222656428e+00
1.101134034923568805e+01 5.793013608384144142e+00
1.100590924287818595e+01 5.669880922980519600e+00
1.100108265738146862e+01 5.669880922980519600e+00
1.099623266292619128e+01 5.710427017374869685e+00
1.099115685116125185e+01 5.730099782973574030e+00
1.098595352146153381e+01 5.693732138802699794e+00
1.098091025252163355e+01 5.655991810819852361e+00
1.097602961347105399e+01 5.686975356339820209e+00
1.097097030600731671e+01 5.624017506187338533e+00
1.096619628685788328e+01 5.655991810819852361e+00
1.096124312385892985e+01 5.627621113690636889e+00
1.095640488194210782e+01 5.707110264748875395e+00
1.095113982460680724e+01 5.517452896464707379e+00
1.094676329616477162e+01 5.730099782973574030e+00
1.094132312448862621e+01 5.641907070938113833e+00
1.093631610065823523e+01 5.598421958998375025e+00
1.093149853402069027e+01 5.537334267018536593e+00
1.092694516760347767e+01 5.723585101952380683e+00
1.092143193813678259e+01 5.583496308781699113e+00
1.091661457184701689e+01 5.598421958998375025e+00
1.091170091476062076e+01 5.652489180268650770e+00
1.090648794922270426e+01 5.720311776607411858e+00
1.090087889384683173e+01 5.583496308781699113e+00
1.089596124514257092e+01 5.568344503761096576e+00
1.089109378982687737e+01 5.594711379601839063e+00
1.088607151514411520e+01 5.476463551931511020e+00
1.088158808597659721e+01 5.533389488727520344e+00
1.087682002477748000e+01 5.631211781821365392e+00
1.087153547118312069e+01 5.533389488727520344e+00
1.086671912057870237e+01 5.556828061699537358e+00
1.086176440107734287e+01 5.552959584921617342e+00
1.085680428324672953e+01 5.638354669333745406e+00
1.085137384600003330e+01 5.556828061699537358e+00
1.084634231553583383e+01 5.620400865717149586e+00
1.084095251964168938e+01 5.463831805025610500e+00
1.083632070102959410e+01 5.575949103146315977e+00
1.083111379407402808e+01 5.529429087511423369e+00
1.082611814495646207e+01 5.545177444479562290e+00
1.082101751624523445e+01 5.424950017481402931e+00
1.081647282740155624e+01 5.318119993844216076e+00
1.081237091748186074e+01 5.484796933490654780e+00
1.080750325353467112e+01 5.468060141135131502e+00
1.080269316135246882e+01 5.552959584921617342e+00
1.079743042074637493e+01 5.549076084895220085e+00
1.079216039737361044e+01 5.513428746164982464e+00
1.078704845978736415e+01 5.472270673671475016e+00
1.078211795322760658e+01 5.411646051855039552e+00
1.077745516376376145e+01 5.402677381872279305e+00
1.077281245512953767e+01 5.537334267018536593e+00
1.076747395278099440e+01 5.484796933490654780e+00
1.076238219526897488e+01 5.501258210544727412e+00
1.075717921465376037e+01 5.480638923341991209e+00
1.075205603391390241e+01 5.472270673671475016e+00
1.074694949375494168e+01 5.420534999272286214e+00
1.074207616874624627e+01 5.411646051855039552e+00
1.073722242140572014e+01 5.424950017481402931e+00
1.073227951593744578e+01 5.438079308923195576e+00
1.072724624200613519e+01 5.356586274672012316e+00
1.072258433141885092e+01 5.370638028127662444e+00
1.071783414849791782e+01 5.393627546352361968e+00
1.071295002547742214e+01 5.480638923341991209e+00
1.070759454340433159e+01 5.393627546352361968e+00
1.070266002773937686e+01 5.365976015021851175e+00
1.069783661360504112e+01 5.442417710521793239e+00
1.069260378670446521e+01 5.327876168789581257e+00
1.068791407269559812e+01 5.488937726156686736e+00
1.068237655454099233e+01 5.283203728737988492e+00
1.067784598852089673e+01 5.298317366548036311e+00
1.067322533525778638e+01 5.272999558563746803e+00
1.066869954799624054e+01 5.332718793265368795e+00
1.066387273236175126e+01 5.420534999272286214e+00
1.065857613463625597e+01 5.303304908059075728e+00
1.065384175686565094e+01 5.252273428046629888e+00
1.064932205537508025e+01 5.451038453565700159e+00
1.064378068915301689e+01 5.342334251964810932e+00
1.063878384660423215e+01 5.389071729816500955e+00
1.063352099276268170e+01 5.402677381872279305e+00
1.062815762466822989e+01 5.384495062789088848e+00
1.062286275171295458e+01 5.283203728737988492e+00
1.061805370046937291e+01 5.293304824724492263e+00
1.061317223173500324e+01 5.252273428046629888e+00
1.060846448484964988e+01 5.298317366548036311e+00
1.060351103703550635e+01 5.272999558563746803e+00
1.059865768554729826e+01 5.164785973923514462e+00
1.059428196751247597e+01 5.247024072160486163e+00
1.058950940815348396e+01 5.181783550292085039e+00
1.058501751375588285e+01 5.347107530717468471e+00
1.057969201236576140e+01 5.283203728737988492e+00
1.057467027071742294e+01 5.416100402204420128e+00
1.056890375935776305e+01 5.164785973923514462e+00
1.056439559195342248e+01 5.283203728737988492e+00
1.055929624744070594e+01 5.257495372027781499e+00
1.055430118007999418e+01 5.153291594497779293e+00
1.054977894681081096e+01 5.176149732573828821e+00
1.054513089022895755e+01 5.318119993844216076e+00
1.053974687088902584e+01 5.075173815233826602e+00
1.053550373309184174e+01 5.209486152841421358e+00
1.053062846868346725e+01 5.252273428046629888e+00
1.052551460059294719e+01 5.225746673713201673e+00
1.052050934270658189e+01 5.303304908059075728e+00
1.051507212095270738e+01 5.220355825078324408e+00
1.051004145051097716e+01 5.209486152841421358e+00
1.050504014193499636e+01 5.247024072160486163e+00
1.049982092340671436e+01 5.247024072160486163e+00
1.049457432165486992e+01 5.278114659230516814e+00
1.048913303785958107e+01 5.170483995038151370e+00
1.048422162851708528e+01 5.231108616854586835e+00
1.047897668962784046e+01 5.187385805840754927e+00
1.047393023187058780e+01 5.129898714923073477e+00
1.046914221258079714e+01 5.117993812416755439e+00
1.046438822893442477e+01 5.129898714923073477e+00
1.045955419254770646e+01 5.062595033026966895e+00
1.045501356342849419e+01 5.105945473900580289e+00
1.045024965610642376e+01 5.135798437050262066e+00
1.044531753516480954e+01 5.225746673713201673e+00
1.043989319990488873e+01 5.123963979403258762e+00
1.043496838122715253e+01 5.214935757608985867e+00
1.042954655694270727e+01 5.278114659230516814e+00
1.042373861694927406e+01 5.231108616854586835e+00
1.041816574561760866e+01 5.147494476813452735e+00
1.041301233056907094e+01 5.049856007249537093e+00
1.040831522449848201e+01 5.105945473900580289e+00
1.040332300500221585e+01 5.043425116919246776e+00
1.039861053257482837e+01 5.049856007249537093e+00
1.039384512766225477e+01 4.983606621708336348e+00
1.038936453093815437e+01 5.198497031265826074e+00
1.038378180126494144e+01 5.056245805348307698e+00
1.037891395195025268e+01 5.129898714923073477e+00
1.037364741957610370e+01 5.087596335232383638e+00
1.036857285662531680e+01 5.117993812416755439e+00
1.036331457533030331e+01 5.010635294096255521e+00
1.035856788118648808e+01 5.117993812416755439e+00
1.035325658620081768e+01 5.068904202220231525e+00
1.034817337379757340e+01 5.062595033026966895e+00
1.034309640521112961e+01 5.017279836814924288e+00
1.033822015832486052e+01 5.081404364984463129e+00
1.033299465512452997e+01 5.068904202220231525e+00
1.032780712615882379e+01 5.030437921392435285e+00
1.032278981743231405e+01 5.049856007249537093e+00
1.031764807901151570e+01 5.111987788356543660e+00
1.031214755154081075e+01 4.990432586778736024e+00
1.030725121400453403e+01 5.099866427824198745e+00
1.030176019006278842e+01 4.905274778438429628e+00
1.029721740442587219e+01 5.010635294096255521e+00
1.029214554232791201e+01 4.897839799950911122e+00
1.028759282152288357e+01 4.948759890378168436e+00
1.028277978634026901e+01 4.983606621708336348e+00
1.027777154316071773e+01 4.983606621708336348e+00
1.027273809117663994e+01 4.990432586778736024e+00
1.026764443682261607e+01 4.976733742420574202e+00
1.026259453666614263e+01 4.955827057601260854e+00
1.025762427792185605e+01 4.828313737302301512e+00
1.025322851187193152e+01 5.036952602413629521e+00
1.024778622540680573e+01 4.905274778438429628e+00
1.024299090496653264e+01 4.948759890378168436e+00
1.023795778648666754e+01 4.997212273764114698e+00
1.023264740443421772e+01 4.890349128221753716e+00
1.022785105920725179e+01 4.948759890378168436e+00
1.022274096382522757e+01 5.017279836814924288e+00
1.021723933772095982e+01 4.962844630259906964e+00
1.021200113456784209e+01 4.927253685157205076e+00
1.020691993507914042e+01 4.744932128363250179e+00
1.020266579012633557e+01 4.941642422609303864e+00
1.019746228461092841e+01 5.036952602413629521e+00
1.019170698058652569e+01 4.927253685157205076e+00
1.018652133842340213e+01 4.859812404361671945e+00
1.018164945160375012e+01 4.852030263919616893e+00
1.017679175704195416e+01 4.795790545596741339e+00
1.017217791880630884e+01 4.905274778438429628e+00
1.016700499798861124e+01 4.912654885736052357e+00
1.016176656061859340e+01 4.927253685157205076e+00
1.015642288865807430e+01 4.779123493111529619e+00
1.015179189950883831e+01 4.836281906951477971e+00
1.014686501068114666e+01 4.875197323201151178e+00
1.014171674126837885e+01 4.744932128363250179e+00
1.013717531772600822e+01 4.919980925828125073e+00
1.013173804121848320e+01 4.595119850134589790e+00
1.012779043157018499e+01 4.820281565605037066e+00
1.012282386550738345e+01 4.867534450455582196e+00
1.011759035919818928e+01 4.867534450455582196e+00
1.011232931913947830e+01 4.934473933130691492e+00
1.010667326450939107e+01 4.905274778438429628e+00
1.010114917983564631e+01 4.718498871295094155e+00
1.009654296153305175e+01 4.812184355372417066e+00
1.009145978083889617e+01 4.779123493111529619e+00
1.008651719191376372e+01 4.615120516841259679e+00
1.008230297000079467e+01 4.564348191467836102e+00
1.007828084290929027e+01 4.718498871295094155e+00
1.007356782290772834e+01 4.852030263919616893e+00
1.006815417409136160e+01 4.744932128363250179e+00
1.006326522822851821e+01 4.718498871295094155e+00
1.005848073450162694e+01 4.709530201312333908e+00
1.005371626578281941e+01 4.820281565605037066e+00
1.004836681385421215e+01 4.859812404361671945e+00
1.004277111963851432e+01 4.718498871295094155e+00
1.003788731801578393e+01 4.897839799950911122e+00
1.003201268472441399e+01 4.787491742782045812e+00
1.002672236687075724e+01 4.779123493111529619e+00
1.002144835016969360e+01 4.682131227124219919e+00
1.001663765046878396e+01 4.882801922586370580e+00
1.001072630320572721e+01 4.795790545596741339e+00
1.000527669843816270e+01 4.744932128363250179e+00
1.000006965038237183e+01 4.744932128363250179e+00
9.994835346995403214e+00 4.727387818712340817e+00
9.989665248777180651e+00 4.727387818712340817e+00
9.984468281668407386e+00 4.836281906951477971e+00
9.978641406136551595e+00 4.709530201312333908e+00
9.973479924356162485e+00 4.510859506516849748e+00
9.969228475498804087e+00 4.727387818712340817e+00
9.963923921339958412e+00 4.624972813284270678e+00
9.959111456284125197e+00 4.753590191106364493e+00
9.953610161939337786e+00 4.653960350157523074e+00
9.948604311339250827e+00 4.564348191467836102e+00
9.944005500839015355e+00 4.584967478670572305e+00
9.939288964999510867e+00 4.418840607796598263e+00
9.935276875025534693e+00 4.488636369732139642e+00
9.930956794525673814e+00 4.691347882229143451e+00
9.925640357177261563e+00 4.709530201312333908e+00
9.920197166099075758e+00 4.605170185988091802e+00
9.915267891071659179e+00 4.644390899141372486e+00
9.910115538826348214e+00 4.634728988229635860e+00
9.904986428659864117e+00 4.521788577049040470e+00
9.900382737582649639e+00 4.672828834461905778e+00
9.895001648885829226e+00 4.553876891600540766e+00
9.890199658209192890e+00 4.691347882229143451e+00
9.884661448286079732e+00 4.779123493111529619e+00
9.878579916829943741e+00 4.521788577049040470e+00
9.873852747406436592e+00 4.442651256490316669e+00
9.869465303921691302e+00 4.343805421853684123e+00
9.865474110337911995e+00 4.418840607796598263e+00
9.861153999520048785e+00 4.532599493153256276e+00
9.856291117705152871e+00 4.465908118654583703e+00
9.851720461714245758e+00 4.744932128363250179e+00
9.845646552846277544e+00 4.574710978503382819e+00
9.840494503208207178e+00 4.553876891600540766e+00
9.835422821621998324e+00 4.465908118654583703e+00
9.830755556370029069e+00 4.465908118654583703e+00
9.826066405567543072e+00 4.394449154672439128e+00
9.821680789832036851e+00 4.499809670330265021e+00
9.816785218696834292e+00 4.454347296253507338e+00
9.812084729062783950e+00 4.442651256490316669e+00
9.807417083785393785e+00 4.290459441148390951e+00
9.803390935997843059e+00 4.442651256490316669e+00
9.798682438170001063e+00 4.543294782270003829e+00
9.793449447327191137e+00 4.442651256490316669e+00
9.788693794534045978e+00 4.553876891600540766e+00
9.783351751296146759e+00 4.574710978503382819e+00
9.777867638611477119e+00 4.488636369732139642e+00
9.772809228894011824e+00 4.510859506516849748e+00
9.767610553984773958e+00 4.499809670330265021e+00
9.762442287054012624e+00 4.317488113536310124e+00
9.758114899520375474e+00 4.343805421853684123e+00
9.753652546776471866e+00 4.442651256490316669e+00
9.748703338735261070e+00 4.532599493153256276e+00
9.743260113215239215e+00 4.532599493153256276e+00
9.737787096758410144e+00 4.605170185988091802e+00
9.731868518875309348e+00 4.369447852467021498e+00
9.727167947937807924e+00 4.304065093204170189e+00
9.722744748855388863e+00 4.499809670330265021e+00
9.717338680907786852e+00 4.290459441148390951e+00
9.712932190815068978e+00 4.477336814478206861e+00
9.707594315712078981e+00 4.418840607796598263e+00
9.702533483594171670e+00 4.564348191467836102e+00
9.696647867928447795e+00 4.276666119016055312e+00
9.692210811286752659e+00 4.382026634673881205e+00
9.687257547490986553e+00 4.521788577049040470e+00
9.681530796701483865e+00 4.382026634673881205e+00
9.676524215119053807e+00 4.488636369732139642e+00
9.670924779305426711e+00 4.394449154672439128e+00
9.665801266405587455e+00 4.430816798843313364e+00
9.660460120624778213e+00 4.343805421853684123e+00
9.655538882302947101e+00 4.262679877041315457e+00
9.650979555092000339e+00 4.454347296253507338e+00
9.645429005150418789e+00 4.290459441148390951e+00
9.640693195592126230e+00 4.356708826689591696e+00
9.635608107380527088e+00 4.262679877041315457e+00
9.630956783851690517e+00 4.189654742026425183e+00
9.626613528800939790e+00 4.234106504597259679e+00
9.622052592844813290e+00 4.304065093204170189e+00
9.617137925318125724e+00 4.394449154672439128e+00
9.611730522042316593e+00 4.234106504597259679e+00
9.607101039454200020e+00 4.304065093204170189e+00
9.602112152952344104e+00 4.330733340286331057e+00
9.596962392282867071e+00 4.454347296253507338e+00
9.591102867443975555e+00 4.430816798843313364e+00
9.585346272599638340e+00 4.442651256490316669e+00
9.579487217410235900e+00 4.204692619390965724e+00
9.574844587029248899e+00 4.094344562222100414e+00
9.570668634412816900e+00 4.276666119016055312e+00
9.565634362837982962e+00 4.369447852467021498e+00
9.560081331311986119e+00 4.488636369732139642e+00
9.553788222333821523e+00 4.442651256490316669e+00
9.547740749170218422e+00 4.276666119016055312e+00
9.542589417753088554e+00 4.094344562222100414e+00
9.538276277575109319e+00 4.276666119016055312e+00
9.533075832485351953e+00 4.189654742026425183e+00
9.528284882554851620e+00 4.110873864173311354e+00
9.523836379320943735e+00 4.143134726391532574e+00
9.519221155568956760e+00 4.094344562222100414e+00
9.514805812462309831e+00 4.304065093204170189e+00
9.509333235573830478e+00 4.143134726391532574e+00
9.504650430718184495e+00 4.077537443905719705e+00
9.500244972781061392e+00 4.290459441148390951e+00
9.494767151707291575e+00 4.189654742026425183e+00
9.489788639500860157e+00 4.234106504597259679e+00
9.484557193474392633e+00 4.143134726391532574e+00
9.479756635621070515e+00 4.158883083359671495e+00
9.474856166396124380e+00 4.262679877041315457e+00
9.469391461628811513e+00 4.317488113536310124e+00
9.463586267106835592e+00 4.189654742026425183e+00
9.458449669308141239e+00 4.025351690735149646e+00
9.454070556898781064e+00 4.330733340286331057e+00
9.448096635658238540e+00 4.219507705176106960e+00
9.442721128642874717e+00 3.828641396489095072e+00
9.439068301584292442e+00 4.204692619390965724e+00
9.433723894494999485e+00 4.248495242049359355e+00
9.428109506952937480e+00 4.025351690735149646e+00
9.423595190540021704e+00 4.007333185232471173e+00
9.419141561574516430e+00 3.970291913552121965e+00
9.414831034791182773e+00 4.043051267834550266e+00
9.410174353854769080e+00 4.189654742026425183e+00
9.404755176457520349e+00 4.248495242049359355e+00
9.398975290826729889e+00 4.077537443905719705e+00
9.394077592911299845e+00 4.189654742026425183e+00
9.388570235866881220e+00 3.850147601710058431e+00
9.384629757072872280e+00 3.806662489770319624e+00
9.380842351964794545e+00 4.077537443905719705e+00
9.375854810453756016e+00 4.110873864173311354e+00
9.370671910878522581e+00 3.806662489770319624e+00
9.366831168735615165e+00 3.988984046564274522e+00
9.362202721285429519e+00 4.189654742026425183e+00
9.356516482133784507e+00 4.007333185232471173e+00
9.351753124926506899e+00 3.951243718581427533e+00
9.347228624038304901e+00 4.060443010546419096e+00
9.342157796596369579e+00 4.127134385045091669e+00
9.336708670790988762e+00 3.871201010907891149e+00
9.332469505209246563e+00 3.988984046564274522e+00
9.327678864393416092e+00 4.094344562222100414e+00
9.322328873924229597e+00 4.025351690735149646e+00
9.317309592973424870e+00 4.007333185232471173e+00
9.312355297382913122e+00 3.850147601710058431e+00
9.308102089758678588e+00 3.912023005428145961e+00
9.303557453687316681e+00 3.828641396489095072e+00
9.299358068293836155e+00 4.007333185232471173e+00
9.294313805752361546e+00 4.174387269895636798e+00
9.288319413292771998e+00 4.060443010546419096e+00
9.282940064390526658e+00 3.891820298110626464e+00
9.278372782368009553e+00 4.094344562222100414e+00
9.272751632097579133e+00 3.891820298110626464e+00
9.268137470702399128e+00 4.127134385045091669e+00
9.262268464836541426e+00 4.143134726391532574e+00
9.256269303864582909e+00 4.094344562222100414e+00
9.250522161609014304e+00 4.060443010546419096e+00
9.244935016740681633e+00 3.891820298110626464e+00
9.240190393945068692e+00 4.077537443905719705e+00
9.234447447319416469e+00 4.060443010546419096e+00
9.228769507444550158e+00 3.970291913552121965e+00
9.223552703448318013e+00 4.025351690735149646e+00
9.218010878280402665e+00 3.912023005428145961e+00
9.213036733523924937e+00 3.806662489770319624e+00
9.208538750029553910e+00 4.025351690735149646e+00
9.202912856147385412e+00 3.806662489770319624e+00
9.198369000194963618e+00 3.951243718581427533e+00
9.193092478566629921e+00 3.663561646129646299e+00
9.189116735524555324e+00 4.060443010546419096e+00
9.183174703903413061e+00 4.077537443905719705e+00
9.177093778182547013e+00 3.610917912644224348e+00
9.173261363734761531e+00 3.970291913552121965e+00
9.167745974343763038e+00 3.891820298110626464e+00
9.162619635764771786e+00 3.891820298110626464e+00
9.157466882369114103e+00 3.931825632724325725e+00
9.152075463844207448e+00 3.871201010907891149e+00
9.146974496354362216e+00 3.850147601710058431e+00
9.141954459109717490e+00 3.688879454113936252e+00
9.137662146478197300e+00 3.931825632724325725e+00
9.132162590912159317e+00 3.784189633918261020e+00
9.127393451155256798e+00 3.828641396489095072e+00
9.122383093217040440e+00 3.850147601710058431e+00
9.117237753713858694e+00 3.784189633918261020e+00
9.112396727646055794e+00 3.988984046564274522e+00
9.106423258556409550e+00 3.951243718581427533e+00
9.100637106884219563e+00 4.025351690735149646e+00
9.094368195723761872e+00 3.850147601710058431e+00
9.089076284483143198e+00 3.784189633918261020e+00
9.084096645401931625e+00 3.663561646129646299e+00
9.079662048334066426e+00 3.663561646129646299e+00
9.075207697984685851e+00 3.951243718581427533e+00
9.069237530998181640e+00 3.784189633918261020e+00
9.064157861798101123e+00 3.761200115693562385e+00
9.059168584174443595e+00 3.663561646129646299e+00
9.054621796976762838e+00 3.583518938456109915e+00
9.050406334059857727e+00 3.737669618283368411e+00
9.045465728785949011e+00 3.761200115693562385e+00
9.040382074165627557e+00 3.912023005428145961e+00
9.034438166984411822e+00 3.871201010907891149e+00
9.028698584086985335e+00 3.637586159726385659e+00
9.024131268455034771e+00 3.663561646129646299e+00
9.019421967956709807e+00 3.784189633918261020e+00
9.014082149443355618e+00 3.761200115693562385e+00
9.008835995765453575e+00 3.737669618283368411e+00
9.003685138166774848e+00 3.931825632724325725e+00
8.997394645638419064e+00 3.891820298110626464e+00
8.991313336173812232e+00 3.871201010907891149e+00
8.985320060649112150e+00 3.713572066704307950e+00
8.980172205725008183e+00 3.555348061489413514e+00
8.975756630519416746e+00 3.737669618283368411e+00
8.970432074329242056e+00 3.663561646129646299e+00
8.965462328515966917e+00 3.713572066704307950e+00
8.960210955576986436e+00 3.526360524616161563e+00
8.955835144218958987e+00 3.583518938456109915e+00
8.951180966457602750e+00 3.610917912644224348e+00
8.946374826141717307e+00 3.871201010907891149e+00
8.940105213128122230e+00 3.637586159726385659e+00
8.935113740791747361e+00 3.583518938456109915e+00
8.930361883909434084e+00 3.688879454113936252e+00
8.925055424124122894e+00 3.367295829986474143e+00
8.921190556249367631e+00 3.828641396489095072e+00
8.915029272359911161e+00 3.583518938456109915e+00
8.910180778013289782e+00 3.806662489770319624e+00
8.904086913938966674e+00 3.688879454113936252e+00
8.898638793680181180e+00 3.496507561466480229e+00
8.894121641382213284e+00 3.610917912644224348e+00
8.889032571874741606e+00 3.688879454113936252e+00
8.883501584323207467e+00 3.663561646129646299e+00
8.878079256126435226e+00 3.401197381662155461e+00
8.873888135154972545e+00 3.178053830347945752e+00
8.870522545103872503e+00 3.784189633918261020e+00
8.864322722511438712e+00 3.295836866004329124e+00
8.860499167616016081e+00 3.610917912644224348e+00
8.855235623206967333e+00 3.465735902799726542e+00
8.850660919017151684e+00 3.610917912644224348e+00
8.845345196421732226e+00 3.737669618283368411e+00
8.839276690585350593e+00 3.367295829986474143e+00
8.835064935031075706e+00 3.295836866004329124e+00
8.831127635012084198e+00 3.332204510175203804e+00
8.827028068509152448e+00 3.828641396489095072e+00
8.820256365906320895e+00 3.496507561466480229e+00
8.815370000960660590e+00 3.367295829986474143e+00
8.811056122943099922e+00 3.433987204485146272e+00
8.806424063857868134e+00 3.367295829986474143e+00
8.802071336535284729e+00 3.663561646129646299e+00
8.796187635470452904e+00 3.555348061489413514e+00
8.790877754224164065e+00 3.332204510175203804e+00
8.786609455061125118e+00 3.258096538021482136e+00
8.782629654920699025e+00 3.526360524616161563e+00
8.777401286867263508e+00 3.713572066704307950e+00
8.771059915373287552e+00 3.401197381662155461e+00
8.766394277049736061e+00 3.044522437723423014e+00
8.763115329619786564e+00 3.044522437723423014e+00
8.759825595314294944e+00 3.555348061489413514e+00
8.754318540250865865e+00 3.044522437723423014e+00
8.750999690898700223e+00 3.295836866004329124e+00
8.746716349694485970e+00 3.295836866004329124e+00
8.742414582525412925e+00 3.737669618283368411e+00
8.735685944515019230e+00 3.044522437723423014e+00
8.732304571033182583e+00 3.713572066704307950e+00
8.725669705687042921e+00 3.663561646129646299e+00
8.719317375506371093e+00 3.178053830347945752e+00
8.715388097366481901e+00 3.332204510175203804e+00
8.710784340468423537e+00 3.526360524616161563e+00
8.705165419719007147e+00 3.433987204485146272e+00
8.700014623251842494e+00 3.433987204485146272e+00
8.694837158659080245e+00 3.295836866004329124e+00
8.690305809124883041e+00 3.401197381662155461e+00
8.685246776412487435e+00 3.583518938456109915e+00
8.679141958402254886e+00 3.332204510175203804e+00
8.674367865788235932e+00 3.433987204485146272e+00
8.669055540725484121e+00 3.258096538021482136e+00
8.664578178329295000e+00 3.367295829986474143e+00
8.659560432703159449e+00 3.401197381662155461e+00
8.654343029563470679e+00 3.091042453358316067e+00
8.650499558724462190e+00 3.401197381662155461e+00
8.645234541297121211e+00 2.995732273553990854e+00
8.641709066113804738e+00 2.890371757896164517e+00
8.638525476583762241e+00 3.526360524616161563e+00
8.632484235750972346e+00 3.433987204485146272e+00
8.626944055375355802e+00 3.332204510175203804e+00
8.621913502186639988e+00 2.639057329615258407e+00
8.619388703730907153e+00 3.135494215929149675e+00
8.615226931687603340e+00 3.433987204485146272e+00
8.609590040682205014e+00 3.367295829986474143e+00
8.604287898267171997e+00 3.044522437723423014e+00
8.600430789986292623e+00 3.465735902799726542e+00
8.594524534352560252e+00 3.044522437723423014e+00
8.590629509489419391e+00 2.944438979166440262e+00
8.587092318795905399e+00 3.496507561466480229e+00
8.580918882296781902e+00 3.367295829986474143e+00
8.575462099540212435e+00 3.401197381662155461e+00
8.569785641535407450e+00 3.044522437723423014e+00
8.565792861252299772e+00 3.555348061489413514e+00
8.559102594493447569e+00 3.258096538021482136e+00
8.554103545436333889e+00 3.332204510175203804e+00
8.548691858475608640e+00 3.178053830347945752e+00
8.544029845369797371e+00 3.806662489770319624e+00
8.535229553902336619e+00 3.135494215929149675e+00
8.530701541441029434e+00 2.995732273553990854e+00
8.526747404221049820e+00 3.258096538021482136e+00
8.521583539717530797e+00 3.135494215929149675e+00
8.516993171413570707e+00 3.465735902799726542e+00
8.510571315107350543e+00 3.367295829986474143e+00
8.504715669905124287e+00 3.135494215929149675e+00
8.500047032581267814e+00 3.367295829986474143e+00
8.494129251817685855e+00 3.295836866004329124e+00
8.488587934405902757e+00 3.295836866004329124e+00
8.483015739614650386e+00 3.091042453358316067e+00
8.478452363099806988e+00 2.890371757896164517e+00
8.474703139795284557e+00 3.465735902799726542e+00
8.468002947225466315e+00 3.295836866004329124e+00
8.462314529906247884e+00 3.178053830347945752e+00
8.457230850243554698e+00 2.995732273553990854e+00
8.452974619089586028e+00 3.258096538021482136e+00
8.447414296808320344e+00 3.091042453358316067e+00
8.442685139241175918e+00 3.433987204485146272e+00
8.435983135990694493e+00 3.135494215929149675e+00
8.430981494597171277e+00 3.433987204485146272e+00
8.424200324567072684e+00 3.401197381662155461e+00
8.417593826193483508e+00 2.484906649788000355e+00
8.414938957377481543e+00 3.091042453358316067e+00
8.410053315858334599e+00 2.833213344056216165e+00
8.406261630708955934e+00 3.258096538021482136e+00
8.400434630806040914e+00 3.135494215929149675e+00
8.395251520610994334e+00 3.091042453358316067e+00
8.390268497842571449e+00 3.367295829986474143e+00
8.383661798791715469e+00 2.772588722239781145e+00
8.379997952238392500e+00 2.944438979166440262e+00
8.375629627094451024e+00 3.218875824868200564e+00
8.369852603517529133e+00 3.091042453358316067e+00
8.364741068224560649e+00 3.218875824868200564e+00
8.358900612421644283e+00 2.944438979166440262e+00
8.354438940114810919e+00 2.944438979166440262e+00
8.349957272040324341e+00 3.555348061489413514e+00
8.341648618901306378e+00 2.639057329615258407e+00
8.338305731356564721e+00 2.890371757896164517e+00
8.333991247194974861e+00 3.218875824868200564e+00
8.327967858305488136e+00 3.258096538021482136e+00
8.321664807135000785e+00 3.044522437723423014e+00
8.316544717929398089e+00 3.178053830347945752e+00
8.310660905907225171e+00 3.044522437723423014e+00
8.305484017727691182e+00 2.708050201102210064e+00
8.301769763117166079e+00 3.178053830347945752e+00
8.295798110636145140e+00 2.772588722239781145e+00
8.291797105048733130e+00 3.135494215929149675e+00
8.286017468404763164e+00 2.639057329615258407e+00
8.282483003730561677e+00 2.890371757896164517e+00
8.277920258172143164e+00 2.639057329615258407e+00
8.274357006756291710e+00 2.772588722239781145e+00
8.270269111436624243e+00 2.995732273553990854e+00
8.265135629937384820e+00 3.044522437723423014e+00
8.259716961021522863e+00 3.091042453358316067e+00
8.254008590564843928e+00 3.295836866004329124e+00
8.246958032568176833e+00 3.091042453358316067e+00
8.241176150494959884e+00 2.890371757896164517e+00
8.236420527265391200e+00 2.639057329615258407e+00
8.232706009860976337e+00 2.833213344056216165e+00
8.228176895951319736e+00 3.295836866004329124e+00
8.220941168281388656e+00 2.995732273553990854e+00
8.215547411947069278e+00 2.772588722239781145e+00
8.211211361793022689e+00 2.890371757896164517e+00
8.206310725794020655e+00 2.197224577336219564e+00
8.203851372183878610e+00 2.708050201102210064e+00
8.199738960630785556e+00 2.639057329615258407e+00
8.195885391314796209e+00 2.995732273553990854e+00
8.190354403763262070e+00 2.833213344056216165e+00
8.185628891147606723e+00 3.401197381662155461e+00
8.177234885510193507e+00 2.397895272798370669e+00
8.174139343429470017e+00 2.564949357461536739e+00
8.170468578330673637e+00 2.995732273553990854e+00
8.164794804244765558e+00 3.044522437723423014e+00
8.158802490694002429e+00 2.708050201102210064e+00
8.154500175151941477e+00 2.833213344056216165e+00
8.149601735736155206e+00 2.890371757896164517e+00
8.144388865547622203e+00 2.944438979166440262e+00
8.138856750696325193e+00 2.484906649788000355e+00
8.135346948906706288e+00 2.708050201102210064e+00
8.130942302231877861e+00 3.135494215929149675e+00
8.124150603306629748e+00 2.564949357461536739e+00
8.120291313968561298e+00 2.564949357461536739e+00
8.116417072794204657e+00 3.218875824868200564e+00
8.108924155975339332e+00 3.218875824868200564e+00
8.101374671228581903e+00 2.484906649788000355e+00
8.097730573664218667e+00 2.639057329615258407e+00
8.093462274501179721e+00 2.944438979166440262e+00
8.087640287778983250e+00 2.944438979166440262e+00
8.081784206935001436e+00 2.708050201102210064e+00
8.077136638538453539e+00 2.833213344056216165e+00
8.071843149609158274e+00 2.995732273553990854e+00
8.065579427282091984e+00 2.564949357461536739e+00
8.061486866871327095e+00 2.833213344056216165e+00
8.056109659545061419e+00 2.890371757896164517e+00
8.050384453067021440e+00 2.484906649788000355e+00
8.046549357283078407e+00 2.564949357461536739e+00
8.042378005173279831e+00 3.135494215929149675e+00
8.034955024502158594e+00 2.772588722239781145e+00
8.029758520440822167e+00 2.397895272798370669e+00
8.026170194946425696e+00 2.890371757896164517e+00
8.020270472819237995e+00 2.708050201102210064e+00
8.015327309021719415e+00 2.890371757896164517e+00
8.009363076630044986e+00 3.465735902799726542e+00
7.998671361015776249e+00 2.944438979166440262e+00
7.992268643270745265e+00 3.044522437723423014e+00
7.985143931198620315e+00 2.639057329615258407e+00
7.980365765111246290e+00 2.197224577336219564e+00
7.977281986755150101e+00 2.708050201102210064e+00
7.972121128921655142e+00 2.639057329615258407e+00
7.967280178942200308e+00 2.397895272798370669e+00
7.963460066638970325e+00 2.564949357461536739e+00
7.958926493050110018e+00 2.197224577336219564e+00
7.955775781534186741e+00 2.639057329615258407e+00
7.950854857719988011e+00 2.639057329615258407e+00
7.945909598613132729e+00 2.833213344056216165e+00
7.939871576361882788e+00 2.890371757896164517e+00
7.933438387627488986e+00 2.397895272798370669e+00
7.929486523314289492e+00 2.833213344056216165e+00
7.923348211930154150e+00 2.564949357461536739e+00
7.918628653342239865e+00 2.484906649788000355e+00
7.914252278742440971e+00 2.397895272798370669e+00
7.910223707097344459e+00 2.944438979166440262e+00
7.903226808730733133e+00 2.397895272798370669e+00
7.899153483343097193e+00 2.397895272798370669e+00
7.895063498091572818e+00 2.833213344056216165e+00
7.888709524182014654e+00 2.397895272798370669e+00
7.884576510596324361e+00 3.091042453358316067e+00
7.876258882303226017e+00 2.484906649788000355e+00
7.871692664323645339e+00 2.564949357461536739e+00
7.866722285136728665e+00 2.484906649788000355e+00
7.862112211662748429e+00 2.397895272798370669e+00
7.857867559331802809e+00 2.197224577336219564e+00
7.854381210652364942e+00 2.995732273553990854e+00
7.846589975291186292e+00 2.639057329615258407e+00
7.841099765422119283e+00 2.302585092994045901e+00
7.837159650001675359e+00 1.945910149055313232e+00
7.834392302910436534e+00 1.945910149055313232e+00
7.831617276352610624e+00 2.890371757896164517e+00
7.824445930877619304e+00 2.708050201102210064e+00
7.818430272070655995e+00 2.833213344056216165e+00
7.811568489345179778e+00 3.044522437723423014e+00
7.803026643632216874e+00 2.890371757896164517e+00
7.795646536334594146e+00 2.833213344056216165e+00
7.788626065625031458e+00 2.890371757896164517e+00
7.781138509845015427e+00 2.079441541679835748e+00
7.777792626338830395e+00 1.791759469228054957e+00
7.775275846486862541e+00 2.397895272798370669e+00
7.770645234129176515e+00 2.708050201102210064e+00
7.764296006450518206e+00 2.639057329615258407e+00
7.758333467490910351e+00 2.944438979166440262e+00
7.750184162257836462e+00 2.397895272798370669e+00
7.745435610274380878e+00 2.708050201102210064e+00
7.738923757439456708e+00 1.386294361119890572e+00
7.737180077834629799e+00 1.386294361119890572e+00
7.735433352499688553e+00 2.397895272798370669e+00
7.730614066063739465e+00 2.197224577336219564e+00
7.726653664847642489e+00 2.772588722239781145e+00
7.719573989259581381e+00 2.708050201102210064e+00
7.712890961490129982e+00 2.639057329615258407e+00
7.706612913964196565e+00 2.079441541679835748e+00
7.703007682479236173e+00 2.302585092994045901e+00
7.698482787880946532e+00 2.944438979166440262e+00
7.689828668736484296e+00 2.079441541679835748e+00
7.686162303492905856e+00 2.079441541679835748e+00
7.682482446534505627e+00 1.791759469228054957e+00
7.679713639966371908e+00 2.564949357461536739e+00
7.673688129267730140e+00 2.564949357461536739e+00
7.667626091584990533e+00 2.833213344056216165e+00
7.659642954564682249e+00 2.302585092994045901e+00
7.654917047848320166e+00 2.197224577336219564e+00
7.650644551436896812e+00 2.302585092994045901e+00
7.645875825184813124e+00 2.708050201102210064e+00
7.638679823876111996e+00 2.944438979166440262e+00
7.629489916393994875e+00 2.397895272798370669e+00
7.624130585661289317e+00 2.079441541679835748e+00
7.620214770574454732e+00 1.791759469228054957e+00
7.617267813628346929e+00 2.302585092994045901e+00
7.612336837167745784e+00 2.302585092994045901e+00
7.607381425639791139e+00 2.397895272798370669e+00
7.601901959875165815e+00 2.302585092994045901e+00
7.596894438144543571e+00 2.397895272798370669e+00
7.591357046698551159e+00 1.386294361119890572e+00
7.589335823170617168e+00 1.791759469228054957e+00
7.586296307152720075e+00 1.098612288668109782e+00
7.584773077612198655e+00 2.397895272798370669e+00
7.579167967396076122e+00 2.484906649788000355e+00
7.573017256052546387e+00 2.639057329615258407e+00
7.565793282428514566e+00 2.484906649788000355e+00
7.559559496007699941e+00 2.197224577336219564e+00
7.554858521040675789e+00 1.609437912434100282e+00
7.552237287560801704e+00 2.302585092994045901e+00
7.546974117516526803e+00 1.609437912434100282e+00
7.544332108053688479e+00 2.397895272798370669e+00
7.538494999413464903e+00 2.302585092994045901e+00
7.533158807455563100e+00 2.484906649788000355e+00
7.526717561352706198e+00 3.044522437723423014e+00
7.515344571180436084e+00 2.397895272798370669e+00
7.509335266016591959e+00 1.791759469228054957e+00
7.506042178518121943e+00 2.397895272798370669e+00
7.499976540952121518e+00 2.079441541679835748e+00
7.495541943884256320e+00 2.302585092994045901e+00
7.489970898834800828e+00 1.791759469228054957e+00
7.486613313139955039e+00 1.945910149055313232e+00
7.482681828154650994e+00 2.197224577336219564e+00
7.477604243197588652e+00 2.564949357461536739e+00
