lnN lnDN
1.151292546497022862e+01 6.269096283706261374e+00
1.150763147650911833e+01 6.253828811575472990e+00
1.150239016305484618e+01 6.163314804034641270e+00
1.149757829735614756e+01 6.204557762568690293e+00
1.149253906731328456e+01 6.137727054086234091e+00
1.148780250979576856e+01 6.122492809514386458e+00
1.148311553119780015e+01 6.177944114050600177e+00
1.147813731348451149e+01 6.175867270105761087e+00
1.147314459495838435e+01 6.163314804034641270e+00
1.146818957112883730e+01 6.234410725718371182e+00
1.146284196480224082e+01 6.084499413075171503e+00
1.145821581516470111e+01 6.120297418950950252e+00
1.145339836565557512e+01 6.182084906716632133e+00
1.144824826755087877e+01 6.100318952020064245e+00
1.144347891916007143e+01 6.095824562432224702e+00
1.143870825608116171e+01 6.167516490888341529e+00
1.143355752958665583e+01 6.148468295917647097e+00
1.142847807089260925e+01 6.082218910376446352e+00
1.142370073122180507e+01 6.154858094016417702e+00
1.141853785946333311e+01 6.122492809514386458e+00
1.141351388591481353e+01 6.052089168924417173e+00
1.140880862007765906e+01 6.192362489474872334e+00
1.140336726245070231e+01 6.122492809514386458e+00
1.139826629496085886e+01 6.059123195581796573e+00
1.139345475599403912e+01 5.983936280687190745e+00
1.138897092469501082e+01 6.150602768446279178e+00
1.138364786925225580e+01 6.068425588244110713e+00
1.137871955919856504e+01 6.054439346269370859e+00
1.137383579656827415e+01 6.079933195095589937e+00
1.136880102070606213e+01 6.061456918928016968e+00
1.136383363422764958e+01 6.073044534100405123e+00
1.135878311844158084e+01 6.126869184114185352e+00
1.135342550321175459e+01 6.049733455231957713e+00
1.134843989702380007e+01 6.033086221798801496e+00
1.134351223607698600e+01 6.052089168924417173e+00
1.133846492922810256e+01 6.023447592961033159e+00
1.133353560654594183e+01 6.035481432524756329e+00
1.132852174197194906e+01 5.998936561946682566e+00
1.132366388180661154e+01 6.016157159698353851e+00
1.131869730506970662e+01 6.070737728002489675e+00
1.131342519540349478e+01 6.059123195581796573e+00
1.130818650533212377e+01 5.981414211254480584e+00
1.130331492793860271e+01 6.115892125483034292e+00
1.129771288023221665e+01 6.045005314036012045e+00
1.129246580878517570e+01 5.955837369464830999e+00
1.128764212594231964e+01 6.013715156042802157e+00
1.128250550468524160e+01 6.006353159601732550e+00
1.127738033093827497e+01 5.981414211254480584e+00
1.127235595983264105e+01 5.869296913133774218e+00
1.126784300613726408e+01 5.993961427306569334e+00
1.126270615111828022e+01 6.001414877961150474e+00
1.125750404309643571e+01 5.934894195619587975e+00
1.125261209597813838e+01 5.986452005284437661e+00
1.124743532002494462e+01 5.899897353582491455e+00
1.124266410032806540e+01 6.021023349349526654e+00
1.123725101164272466e+01 5.978885764901122002e+00
1.123203361998881533e+01 5.837730447165939474e+00
1.122748088745863981e+01 5.963579343618445883e+00
1.122229237588218353e+01 5.932245187448010881e+00
1.121723810218030692e+01 5.963579343618445883e+00
1.121199603243281828e+01 5.866468056933296538e+00
1.120721518999905619e+01 5.910796644040527070e+00
1.120219309725306367e+01 5.948034989180645660e+00
1.119695365134482401e+01 5.971261839790462211e+00
1.119156250614955894e+01 5.820082930352361572e+00
1.118690442384755279e+01 5.855071922202427004e+00
1.118205749506884672e+01 5.886104031450155816e+00
1.117703306021402376e+01 5.814130531825066228e+00
1.117233475908526685e+01 5.932245187448010881e+00
1.116702088331802578e+01 5.872117789475415961e+00
1.116199115487456162e+01 5.837730447165939474e+00
1.115710729675147839e+01 5.765191102784844368e+00
1.115254365910016965e+01 5.937536205082426299e+00
1.114709444610213751e+01 5.828945617610207464e+00
1.114218057334025147e+01 5.894402834264850455e+00
1.113690750238479232e+01 5.826000107380449933e+00
1.113195782846245230e+01 5.834810737062604780e+00
1.112693940239954848e+01 5.752572638825633078e+00
1.112229478069551725e+01 5.820082930352361572e+00
1.111730177089292049e+01 5.762051382780176922e+00
1.111256729423020850e+01 5.880532986400700324e+00
1.110721032560685551e+01 5.894402834264850455e+00
1.110174907851669168e+01 5.739792912179233930e+00
1.109704631851319157e+01 5.808142489980443912e+00
1.109198624799876143e+01 5.780743515792329035e+00
1.108703823772042796e+01 5.707110264748875395e+00
1.108241943361857906e+01 5.831882477283516941e+00
1.107716093042611760e+01 5.777652323222656428e+00
1.107215437115457668e+01 5.783825182329737302e+00
1.106709138471167719e+01 5.783825182329737302e+00
1.106200263393728100e+01 5.780743515792329035e+00
1.105690363324491088e+01 5.730099782973574030e+00
1.105203220995244706e+01 5.720311776607411858e+00
1.104718473663748846e+01 5.802118375377062875e+00
1.104189731107830319e+01 5.730099782973574030e+00
1.103695205197144880e+01 5.666426688112432331e+00
1.103228951236729571e+01 5.799092654460525686e+00
1.102693878455115595e+01 5.556828061699537358e+00
1.102271912840697254e+01 5.693732138802699794e+00
1.101785835437080330e+01 5.616771097666571677e+00
1.101333647313022546e+01 5.710427017374869685e+00
1.100834695396470408e+01 5.669880922980519600e+00
1.100353214829586257e+01 5.686975356339820209e+00
1.099861042693996893e+01 5.673323267171492823e+00
1.099373159153372193e+01 5.686975356339820209e+00
1.098876127676505732e+01 5.613128106388070471e+00
1.098412254697357504e+01 5.659482215759621404e+00
1.097924054705815600e+01 5.669880922980519600e+00
1.097428318720746176e+01 5.583496308781699113e+00
1.096971438106008279e+01 5.796057750765371885e+00
1.096403446039744445e+01 5.631211781821365392e+00
1.095919234019296162e+01 5.690359454324060096e+00
1.095402941795915375e+01 5.723585101952380683e+00
1.094866390211491058e+01 5.605802066295997754e+00
1.094387026564005971e+01 5.673323267171492823e+00
1.093871620848179660e+01 5.652489180268650770e+00
1.093364254055932960e+01 5.645446897643237705e+00
1.092857887621527269e+01 5.645446897643237705e+00
1.092348944062232619e+01 5.703782474656200918e+00
1.091806584559422788e+01 5.556828061699537358e+00
1.091335969803181349e+01 5.641907070938113833e+00
1.090821031845529809e+01 5.624017506187338533e+00
1.090312629278484202e+01 5.613128106388070471e+00
1.089807177078018974e+01 5.493061443340548244e+00
1.089356763438077635e+01 5.598421958998375025e+00
1.088853912898107090e+01 5.634789603169249261e+00
1.088329753626936558e+01 5.598421958998375025e+00
1.087821698943870352e+01 5.529429087511423369e+00
1.087345174395605873e+01 5.533389488727520344e+00
1.086864463615355803e+01 5.556828061699537358e+00
1.086369947146821069e+01 5.575949103146315977e+00
1.085863354617895560e+01 5.521460917862246021e+00
1.085381249395318726e+01 5.497168225293202148e+00
1.084908462760225767e+01 5.616771097666571677e+00
1.084372915856607023e+01 5.505331535932362463e+00
1.083891402271875926e+01 5.468060141135131502e+00
1.083425301816459552e+01 5.552959584921617342e+00
1.082915419288876180e+01 5.541263545158425785e+00
1.082408897999736830e+01 5.480638923341991209e+00
1.081929816917340581e+01 5.572154032177764726e+00
1.081402174729790389e+01 5.529429087511423369e+00
1.080893975922928796e+01 5.552959584921617342e+00
1.080370987623121870e+01 5.455321115357701700e+00
1.079894272382214560e+01 5.459585514144158935e+00
1.079413221742669826e+01 5.488937726156686736e+00
1.078915411486647358e+01 5.398162701517752460e+00
1.078458624524127529e+01 5.379897353540459726e+00
1.078008065755173739e+01 5.517452896464707379e+00
1.077488551551954643e+01 5.472270673671475016e+00
1.076989452248074386e+01 5.521460917862246021e+00
1.076462491794225507e+01 5.424950017481402931e+00
1.075981594323759971e+01 5.356586274672012316e+00
1.075530376122480014e+01 5.549076084895220085e+00
1.074980636238115039e+01 5.375278407684165316e+00
1.074516249102949317e+01 5.537334267018536593e+00
1.073967390816861212e+01 5.389071729816500955e+00
1.073491732089608064e+01 5.236441962829949226e+00
1.073081591456209338e+01 5.407171771460118848e+00
1.072592903692446598e+01 5.476463551931511020e+00
1.072066488151292418e+01 5.323009979138408454e+00
1.071612741758079856e+01 5.272999558563746803e+00
1.071179210248352121e+01 5.493061443340548244e+00
1.070636319537058512e+01 5.384495062789088848e+00
1.070146760957682908e+01 5.468060141135131502e+00
1.069611801158102260e+01 5.455321115357701700e+00
1.069080790311332230e+01 5.342334251964810932e+00
1.068604115633796070e+01 5.361292165709425461e+00
1.068115968816576178e+01 5.262690188904885602e+00
1.067671590156844452e+01 5.398162701517752460e+00
1.067160304933337933e+01 5.356586274672012316e+00
1.066667372387604829e+01 5.420534999272286214e+00
1.066139198031135216e+01 5.424950017481402931e+00
1.065605863433598977e+01 5.313205979041787153e+00
1.065126495374718907e+01 5.379897353540459726e+00
1.064611513518696917e+01 5.451038453565700159e+00
1.064055592015400187e+01 5.327876168789581257e+00
1.063561503273695763e+01 5.303304908059075728e+00
1.063077042402568750e+01 5.278114659230516814e+00
1.062602361798986195e+01 5.283203728737988492e+00
1.062122977995145412e+01 5.375278407684165316e+00
1.061594704412844692e+01 5.416100402204420128e+00
1.061041435650444598e+01 5.298317366548036311e+00
1.060547058175847290e+01 5.214935757608985867e+00
1.060090062124312382e+01 5.283203728737988492e+00
1.059598452175448635e+01 5.293304824724492263e+00
1.059099385320598685e+01 5.442417710521793239e+00
1.058516925498679484e+01 5.257495372027781499e+00
1.058030207847517623e+01 5.351858133476066648e+00
1.057492578993385735e+01 5.370638028127662444e+00
1.056941768680252025e+01 5.463831805025610500e+00
1.056333644769455837e+01 5.303304908059075728e+00
1.055812776516605922e+01 5.288267030694535187e+00
1.055297016060981008e+01 5.303304908059075728e+00
1.054770705947264986e+01 5.252273428046629888e+00
1.054268000549814666e+01 5.198497031265826074e+00
1.053789271307230990e+01 5.288267030694535187e+00
1.053262940312016127e+01 5.241747015059642578e+00
1.052757935965591507e+01 5.181783550292085039e+00
1.052279980058671249e+01 5.337538079701317884e+00
1.051718559922274743e+01 5.337538079701317884e+00
1.051153970056310172e+01 5.308267697401205076e+00
1.050602598422531742e+01 5.351858133476066648e+00
1.050023395880971933e+01 5.123963979403258762e+00
1.049559818891830076e+01 5.241747015059642578e+00
1.049035713037576301e+01 5.105945473900580289e+00
1.048575903675013699e+01 5.135798437050262066e+00
1.048099938949714804e+01 5.181783550292085039e+00
1.047599136057372959e+01 5.141663556502660271e+00
1.047115654051914646e+01 5.204006687076795146e+00
1.046598489907661467e+01 5.111987788356543660e+00
1.046124447098655175e+01 5.043425116919246776e+00
1.045679778790827363e+01 5.129898714923073477e+00
1.045192682959539887e+01 4.976733742420574202e+00
1.044772860984152274e+01 5.187385805840754927e+00
1.044252155256570802e+01 5.030437921392435285e+00
1.043804923397870255e+01 5.153291594497779293e+00
1.043296808639928486e+01 5.262690188904885602e+00
1.042726888746233449e+01 5.147494476813452735e+00
1.042216229124551852e+01 5.099866427824198745e+00
1.041726880412775103e+01 5.209486152841421358e+00
1.041177997044376191e+01 5.129898714923073477e+00
1.040668414913762696e+01 5.023880520846276454e+00
1.040207863863377646e+01 5.247024072160486163e+00
1.039629176170429936e+01 5.003946305945459194e+00
1.039173008710186075e+01 5.099866427824198745e+00
1.038668500918464410e+01 5.159055299214529100e+00
1.038130432949512638e+01 5.123963979403258762e+00
1.037608157381755980e+01 5.176149732573828821e+00
1.037054935886094320e+01 5.099866427824198745e+00
1.036539600406750417e+01 4.976733742420574202e+00
1.036081745835936729e+01 5.062595033026966895e+00
1.035580443942152584e+01 5.056245805348307698e+00
1.035079813123418724e+01 5.075173815233826602e+00
1.034567024357945542e+01 4.983606621708336348e+00
1.034096799007630274e+01 5.123963979403258762e+00
1.033552967549474566e+01 4.852030263919616893e+00
1.033136625548119270e+01 5.049856007249537093e+00
1.032626853840952386e+01 5.105945473900580289e+00
1.032084829289068040e+01 5.017279836814924288e+00
1.031586206894522739e+01 4.990432586778736024e+00
1.031098392955337140e+01 5.023880520846276454e+00
1.030591471743084142e+01 5.153291594497779293e+00
1.030011371197708847e+01 5.049856007249537093e+00
1.029485373626479117e+01 5.093750200806762329e+00
1.028932801750799264e+01 5.075173815233826602e+00
1.028387414026775559e+01 4.820281565605037066e+00
1.027962683126246368e+01 4.875197323201151178e+00
1.027512007210784084e+01 4.948759890378168436e+00
1.027024648176221255e+01 5.111987788356543660e+00
1.026447817054246237e+01 4.983606621708336348e+00
1.025937718820101985e+01 5.056245805348307698e+00
1.025386269432633313e+01 5.117993812416755439e+00
1.024796338901786363e+01 4.919980925828125073e+00
1.024309771784826850e+01 4.997212273764114698e+00
1.023781463281095228e+01 4.969813299576000709e+00
1.023264740443421772e+01 4.812184355372417066e+00
1.022821248757608359e+01 4.997212273764114698e+00
1.022284996159087989e+01 4.859812404361671945e+00
1.021815229631779509e+01 4.919980925828125073e+00
1.021313902079189084e+01 4.990432586778736024e+00
1.020773171328688811e+01 4.934473933130691492e+00
1.020259164465288215e+01 4.828313737302301512e+00
1.019794660926693197e+01 4.912654885736052357e+00
1.019286818162349029e+01 4.990432586778736024e+00
1.018734983888504431e+01 4.836281906951477971e+00
1.018259547176777069e+01 4.836281906951477971e+00
1.017781839261949095e+01 4.828313737302301512e+00
1.017305656956098225e+01 4.890349128221753716e+00
1.016796496734331434e+01 4.762173934797756303e+00
1.016346435389568725e+01 4.820281565605037066e+00
1.015867225939513219e+01 4.836281906951477971e+00
1.015377923576934904e+01 4.770684624465665102e+00
1.014917506828523308e+01 4.905274778438429628e+00
1.014388145725686563e+01 4.744932128363250179e+00
1.013934987625811246e+01 4.890349128221753716e+00
1.013408326737537735e+01 4.836281906951477971e+00
1.012906813188375565e+01 4.828313737302301512e+00
1.012406782144717354e+01 4.709530201312333908e+00
1.011960648891337300e+01 4.905274778438429628e+00
1.011415358233922568e+01 4.897839799950911122e+00
1.010871150254738637e+01 4.867534450455582196e+00
1.010340341773103390e+01 4.836281906951477971e+00
1.009823162932863916e+01 4.905274778438429628e+00
1.009266058427918367e+01 4.718498871295094155e+00
1.008801500787924432e+01 4.890349128221753716e+00
1.008247020806456717e+01 4.795790545596741339e+00
1.007739884197011193e+01 4.770684624465665102e+00
1.007242831783602099e+01 4.770684624465665102e+00
1.006743296412437338e+01 4.624972813284270678e+00
1.006309474704496587e+01 4.787491742782045812e+00
1.005796674982418715e+01 4.976733742420574202e+00
1.005173512899633081e+01 4.820281565605037066e+00
1.004637504008467630e+01 4.718498871295094155e+00
1.004150885043350350e+01 4.897839799950911122e+00
1.003565551611354500e+01 4.828313737302301512e+00
1.003016425536263156e+01 4.564348191467836102e+00
1.002592639972870536e+01 4.744932128363250179e+00
1.002082604495336149e+01 4.682131227124219919e+00
1.001601234337797308e+01 4.969813299576000709e+00
1.000955781626319485e+01 4.859812404361671945e+00
1.000374004442521958e+01 4.753590191106364493e+00
9.998479499891695710e+00 4.709530201312333908e+00
9.993419660036735763e+00 4.836281906951477971e+00
9.987644860542850722e+00 4.682131227124219919e+00
9.982668350410568436e+00 4.644390899141372486e+00
9.977852634491434003e+00 4.744932128363250179e+00
9.972500423823081661e+00 4.595119850134589790e+00
9.967869811465396523e+00 4.682131227124219919e+00
9.962793658433534816e+00 4.718498871295094155e+00
9.957502140842366956e+00 4.736198448394495664e+00
9.952087222372190567e+00 4.653960350157523074e+00
9.947073723199048700e+00 4.584967478670572305e+00
9.942371670586094723e+00 4.499809670330265021e+00
9.938033896288711588e+00 4.521788577049040470e+00
9.933580192843297851e+00 4.564348191467836102e+00
9.928911604876287100e+00 4.465908118654583703e+00
9.924661787767535159e+00 4.682131227124219919e+00
9.919360901692417798e+00 4.644390899141372486e+00
9.914229649068030170e+00 4.521788577049040470e+00
9.909668411611209038e+00 4.477336814478206861e+00
9.905285934477507936e+00 4.653960350157523074e+00
9.900031587562738267e+00 4.672828834461905778e+00
9.894648603868922976e+00 4.465908118654583703e+00
9.890250325754108118e+00 4.510859506516849748e+00
9.885629034234815649e+00 4.709530201312333908e+00
9.879963007489170224e+00 4.521788577049040470e+00
9.875242387095825691e+00 4.394449154672439128e+00
9.871067661280017447e+00 4.418840607796598263e+00
9.866771699599468093e+00 4.488636369732139642e+00
9.862144589001745842e+00 4.488636369732139642e+00
9.857495968685135779e+00 4.454347296253507338e+00
9.852983420362360079e+00 4.143134726391532574e+00
9.849664745838621727e+00 4.406719247264253347e+00
9.845328638362595086e+00 4.477336814478206861e+00
9.840654243364559406e+00 4.574710978503382819e+00
9.835476341919584087e+00 4.499809670330265021e+00
9.830648006359171021e+00 4.442651256490316669e+00
9.826066405567543072e+00 4.634728988229635860e+00
9.820486306032721657e+00 4.477336814478206861e+00
9.815694051585460045e+00 4.477336814478206861e+00
9.810878720803465569e+00 4.644390899141372486e+00
9.805157818462918229e+00 4.584967478670572305e+00
9.799736851542199645e+00 4.553876891600540766e+00
9.794453631511993663e+00 4.510859506516849748e+00
9.789366553431428031e+00 4.356708826689591696e+00
9.784985508455127601e+00 4.488636369732139642e+00
9.779963066250630277e+00 4.543294782270003829e+00
9.774630930411124297e+00 4.060443010546419096e+00
9.771326648933788661e+00 4.290459441148390951e+00
9.767152232578871107e+00 4.477336814478206861e+00
9.762096784344137745e+00 4.672828834461905778e+00
9.755915188068993160e+00 4.727387818712340817e+00
9.749345206007481224e+00 4.343805421853684123e+00
9.744843459096530935e+00 4.382026634673881205e+00
9.740144754339954858e+00 4.454347296253507338e+00
9.735068900911164391e+00 4.605170185988091802e+00
9.729134165391350564e+00 4.430816798843313364e+00
9.724121623567805628e+00 4.574710978503382819e+00
9.718301898127522875e+00 4.356708826689591696e+00
9.713597426242221999e+00 4.356708826689591696e+00
9.708870717648022008e+00 4.290459441148390951e+00
9.704426671737875765e+00 4.584967478670572305e+00
9.698429468768303252e+00 4.406719247264253347e+00
9.693383614729722098e+00 4.394449154672439128e+00
9.688374172917182392e+00 4.356708826689591696e+00
9.683526431913218602e+00 4.430816798843313364e+00
9.678279371339701953e+00 4.343805421853684123e+00
9.673445259530762286e+00 4.158883083359671495e+00
9.669409436169138061e+00 4.553876891600540766e+00
9.663388566822504799e+00 4.204692619390965724e+00
9.659120364770291900e+00 4.219507705176106960e+00
9.654769750102488501e+00 4.521788577049040470e+00
9.648853334130548021e+00 4.330733340286331057e+00
9.643939319328119097e+00 4.343805421853684123e+00
9.638935897473201564e+00 4.262679877041315457e+00
9.634300062720511093e+00 4.304065093204170189e+00
9.629445365788381395e+00 4.343805421853684123e+00
9.624368710744834132e+00 4.007333185232471173e+00
9.620726684403415163e+00 4.465908118654583703e+00
9.614938437644996228e+00 4.204692619390965724e+00
9.610457873757752623e+00 4.219507705176106960e+00
9.605889815296970724e+00 4.110873864173311354e+00
9.601774166671370736e+00 4.356708826689591696e+00
9.596486735697947523e+00 4.418840607796598263e+00
9.590829494014169398e+00 4.189654742026425183e+00
9.586308009295324339e+00 4.234106504597259679e+00
9.581559041355756534e+00 4.356708826689591696e+00
9.576163344811904565e+00 4.234106504597259679e+00
9.571365838652173608e+00 4.143134726391532574e+00
9.566965314664873432e+00 4.143134726391532574e+00
9.562545340443463715e+00 4.330733340286331057e+00
9.557187177595935168e+00 4.248495242049359355e+00
9.552226498441475755e+00 4.143134726391532574e+00
9.547740749170218422e+00 4.248495242049359355e+00
9.542732869195020839e+00 4.248495242049359355e+00
9.537699784080725607e+00 4.110873864173311354e+00
9.533293058509883622e+00 4.204692619390965724e+00
9.528430400599345873e+00 4.330733340286331057e+00
9.522885774152653582e+00 4.248495242049359355e+00
9.517751539608958922e+00 4.382026634673881205e+00
9.511851382364405083e+00 4.317488113536310124e+00
9.506288188844996156e+00 4.343805421853684123e+00
9.500544261971473503e+00 4.369447852467021498e+00
9.494616651293130261e+00 4.356708826689591696e+00
9.488729397516371122e+00 4.219507705176106960e+00
9.483568487457812779e+00 4.143134726391532574e+00
9.478763169489152318e+00 4.276666119016055312e+00
9.473242953063740757e+00 4.204692619390965724e+00
9.468078568054892230e+00 4.174387269895636798e+00
9.463042725531936483e+00 4.143134726391532574e+00
9.458137510729049069e+00 4.317488113536310124e+00
9.452266422589760353e+00 4.276666119016055312e+00
9.446597562435774975e+00 4.110873864173311354e+00
9.441769502877164655e+00 4.025351690735149646e+00
9.437316569310569392e+00 4.204692619390965724e+00
9.431962766918454477e+00 4.094344562222100414e+00
9.427143867544193867e+00 4.158883083359671495e+00
9.421977983104190102e+00 4.317488113536310124e+00
9.415890054889343830e+00 4.276666119016055312e+00
9.410010567104750479e+00 4.060443010546419096e+00
9.405249044275608483e+00 4.060443010546419096e+00
9.400464740833157862e+00 4.158883083359671495e+00
9.395158808968725239e+00 4.290459441148390951e+00
9.389072159919580329e+00 3.951243718581427533e+00
9.384713758920963045e+00 4.007333185232471173e+00
9.380083146563277907e+00 4.262679877041315457e+00
9.374073563958784661e+00 4.143134726391532574e+00
9.368710707947624172e+00 3.713572066704307950e+00
9.365205082537098491e+00 3.970291913552121965e+00
9.360655132635050890e+00 4.007333185232471173e+00
9.355911495295401892e+00 4.189654742026425183e+00
9.350189267092581247e+00 3.970291913552121965e+00
9.345570321236285949e+00 4.127134385045091669e+00
9.340139809511027735e+00 4.143134726391532574e+00
9.334591334314039202e+00 4.158883083359671495e+00
9.328923087803129732e+00 3.806662489770319624e+00
9.324918276683618501e+00 3.891820298110626464e+00
9.320539164274258326e+00 3.828641396489095072e+00
9.316410635703249454e+00 4.077537443905719705e+00
9.311090275076326250e+00 3.951243718581427533e+00
9.306377560173125119e+00 3.951243718581427533e+00
9.301642530382968843e+00 4.248495242049359355e+00
9.295232838994145652e+00 4.219507705176106960e+00
9.288966692431372962e+00 4.007333185232471173e+00
9.283869605264298386e+00 4.110873864173311354e+00
9.278185918871249882e+00 4.094344562222100414e+00
9.272563715156314501e+00 4.007333185232471173e+00
9.267382112343380385e+00 3.871201010907891149e+00
9.262837940933936309e+00 3.970291913552121965e+00
9.257796313132478971e+00 3.951243718581427533e+00
9.252824983582337737e+00 3.970291913552121965e+00
9.247732491193245252e+00 3.931825632724325725e+00
9.242807562113684483e+00 4.127134385045091669e+00
9.236787541991031247e+00 3.988984046564274522e+00
9.231514607207589762e+00 3.784189633918261020e+00
9.227197489042605838e+00 3.931825632724325725e+00
9.222170123729759084e+00 3.761200115693562385e+00
9.217911637472500530e+00 3.891820298110626464e+00
9.213036733523924937e+00 3.850147601710058431e+00
9.208338369305510085e+00 3.828641396489095072e+00
9.203718495667295940e+00 4.043051267834550266e+00
9.197964100908126994e+00 3.891820298110626464e+00
9.192990733641069667e+00 3.737669618283368411e+00
9.188708071849069015e+00 3.784189633918261020e+00
9.184201714366487579e+00 4.094344562222100414e+00
9.178023770499638800e+00 4.007333185232471173e+00
9.172326929777966598e+00 3.713572066704307950e+00
9.168058979719576840e+00 3.737669618283368411e+00
9.163667963777751169e+00 4.060443010546419096e+00
9.157572306437527843e+00 4.060443010546419096e+00
9.151439264056021372e+00 3.713572066704307950e+00
9.147081032336991768e+00 3.806662489770319624e+00
9.142275641062052927e+00 3.713572066704307950e+00
9.137877200242467524e+00 3.828641396489095072e+00
9.132919225007597674e+00 3.970291913552121965e+00
9.127176130715414004e+00 3.761200115693562385e+00
9.122492281402987402e+00 3.806662489770319624e+00
9.117566971823828581e+00 3.931825632724325725e+00
9.111955470054780903e+00 3.526360524616161563e+00
9.108196898307479472e+00 3.761200115693562385e+00
9.103423089630105380e+00 3.610917912644224348e+00
9.099297073182858853e+00 3.761200115693562385e+00
9.094480485881646814e+00 3.688879454113936252e+00
9.089979015304999521e+00 3.526360524616161563e+00
9.086136768516876572e+00 3.871201010907891149e+00
9.080687163749312063e+00 3.555348061489413514e+00
9.076694687106265036e+00 3.663561646129646299e+00
9.072227069846547920e+00 3.970291913552121965e+00
9.066123521215773806e+00 3.688879454113936252e+00
9.061492275239766414e+00 3.912023005428145961e+00
9.055672891964043458e+00 3.806662489770319624e+00
9.050406334059857727e+00 3.737669618283368411e+00
9.045465728785949011e+00 3.583518938456109915e+00
9.041211408968210961e+00 3.583518938456109915e+00
9.036938912556786718e+00 3.891820298110626464e+00
9.031094081699155396e+00 3.433987204485146272e+00
9.027378610294805483e+00 3.828641396489095072e+00
9.021839764105513026e+00 3.806662489770319624e+00
9.016391478941248039e+00 3.583518938456109915e+00
9.012011377036412085e+00 3.610917912644224348e+00
9.007489523929734787e+00 3.806662489770319624e+00
9.001962272862446213e+00 3.688879454113936252e+00
8.997023381479708704e+00 3.526360524616161563e+00
8.992806059426483145e+00 3.583518938456109915e+00
8.988321188323682875e+00 3.871201010907891149e+00
8.982309899088578575e+00 3.737669618283368411e+00
8.977020214210412519e+00 3.583518938456109915e+00
8.972463821059907474e+00 3.688879454113936252e+00
8.967376693212665728e+00 3.135494215929149675e+00
8.964439833539357139e+00 3.637586159726385659e+00
8.959568653544499384e+00 3.713572066704307950e+00
8.954286157204712993e+00 3.784189633918261020e+00
8.948585921534316867e+00 3.433987204485146272e+00
8.944550245940499522e+00 3.465735902799726542e+00
8.940367233305174466e+00 3.610917912644224348e+00
8.935508711503221235e+00 3.258096538021482136e+00
8.932080438103307429e+00 3.465735902799726542e+00
8.927844826211702056e+00 3.583518938456109915e+00
8.923058219545728420e+00 3.737669618283368411e+00
8.917444732471514257e+00 3.258096538021482136e+00
8.913953858894254623e+00 3.583518938456109915e+00
8.909100134925550307e+00 3.713572066704307950e+00
8.903543435664719397e+00 3.784189633918261020e+00
8.897545598709326597e+00 3.828641396489095072e+00
8.891236429516061079e+00 3.526360524616161563e+00
8.886547412512042499e+00 3.178053830347945752e+00
8.883224230278994327e+00 3.663561646129646299e+00
8.877800393882575136e+00 3.401197381662155461e+00
8.873608101549109506e+00 3.806662489770319624e+00
8.867286523989415414e+00 3.737669618283368411e+00
8.861350110795997992e+00 3.737669618283368411e+00
8.855378246041125223e+00 3.737669618283368411e+00
8.849370503754569128e+00 3.218875824868200564e+00
8.845777255188444599e+00 3.610917912644224348e+00
8.840435439266569162e+00 3.871201010907891149e+00
8.833462720719930772e+00 3.713572066704307950e+00
8.827468112520653776e+00 3.737669618283368411e+00
8.821289805136112605e+00 3.218875824868200564e+00
8.817594036275792746e+00 3.401197381662155461e+00
8.813141008285050759e+00 3.583518938456109915e+00
8.807771066980043528e+00 3.637586159726385659e+00
8.802071336535284729e+00 3.332204510175203804e+00
8.797850648931053286e+00 3.258096538021482136e+00
8.793915423631675665e+00 3.465735902799726542e+00
8.789050713521046276e+00 3.218875824868200564e+00
8.785233623612729303e+00 3.688879454113936252e+00
8.779095810880530593e+00 3.526360524616161563e+00
8.773848885262895081e+00 3.555348061489413514e+00
8.768418726857403200e+00 3.496507561466480229e+00
8.763271714012942581e+00 3.218875824868200564e+00
8.759354748566208215e+00 3.367295829986474143e+00
8.754791763700032092e+00 3.332204510175203804e+00
8.750366278367625483e+00 3.091042453358316067e+00
8.746875319570030172e+00 3.496507561466480229e+00
8.741615924228828050e+00 3.178053830347945752e+00
8.737773460327282748e+00 3.433987204485146272e+00
8.732788324973117966e+00 3.555348061489413514e+00
8.727129915243166280e+00 3.526360524616161563e+00
8.721602344674197482e+00 3.401197381662155461e+00
8.716699572964293097e+00 3.218875824868200564e+00
8.712595487748721723e+00 3.496507561466480229e+00
8.707152175339404110e+00 3.496507561466480229e+00
8.701679071039569280e+00 3.332204510175203804e+00
8.697011617992073340e+00 3.850147601710058431e+00
8.689127655323705568e+00 3.555348061489413514e+00
8.683215975240688778e+00 3.091042453358316067e+00
8.679482094459956443e+00 3.258096538021482136e+00
8.675051276031817693e+00 3.332204510175203804e+00
8.670257567143075050e+00 3.367295829986474143e+00
8.665268309481600539e+00 3.761200115693562385e+00
8.657824321155983327e+00 3.044522437723423014e+00
8.654168646443315183e+00 2.890371757896164517e+00
8.651024539049757323e+00 3.258096538021482136e+00
8.646465527120376748e+00 3.295836866004329124e+00
8.641709066113804738e+00 3.583518938456109915e+00
8.635331719433278153e+00 3.583518938456109915e+00
8.628913441026645259e+00 3.465735902799726542e+00
8.623173514953469621e+00 3.091042453358316067e+00
8.619208116822967725e+00 3.258096538021482136e+00
8.614501373883236113e+00 3.135494215929149675e+00
8.610319169405721951e+00 3.555348061489413514e+00
8.603921194926060778e+00 3.295836866004329124e+00
8.598957493218877701e+00 3.367295829986474143e+00
8.593598522618643543e+00 3.178053830347945752e+00
8.589141690728821388e+00 3.332204510175203804e+00
8.583916823459144751e+00 3.044522437723423014e+00
8.579980179515002803e+00 3.258096538021482136e+00
8.575084669832014228e+00 3.367295829986474143e+00
8.569595870209285593e+00 3.367295829986474143e+00
8.564076777315086986e+00 3.401197381662155461e+00
8.558335134747412809e+00 3.258096538021482136e+00
8.553332238032110624e+00 3.367295829986474143e+00
8.547722396451060689e+00 3.332204510175203804e+00
8.542275971783700683e+00 3.178053830347945752e+00
8.537583881063971702e+00 3.135494215929149675e+00
8.533066540572527003e+00 3.465735902799726542e+00
8.526747404221049820e+00 2.890371757896164517e+00
8.523175263093785148e+00 3.258096538021482136e+00
8.517992871586802295e+00 2.944438979166440262e+00
8.514188682395937846e+00 3.178053830347945752e+00
8.509362612301048401e+00 3.295836866004329124e+00
8.503905297089302096e+00 3.433987204485146272e+00
8.497602541651232855e+00 2.995732273553990854e+00
8.493515064061659459e+00 3.091042453358316067e+00
8.488999457045455443e+00 3.178053830347945752e+00
8.484049972822983676e+00 2.995732273553990854e+00
8.479906606630221333e+00 2.639057329615258407e+00
8.476996001664824476e+00 3.401197381662155461e+00
8.470730317005896737e+00 3.258096538021482136e+00
8.465268118551318111e+00 3.258096538021482136e+00
8.459775920546286798e+00 3.610917912644224348e+00
8.451907724717607095e+00 3.433987204485146272e+00
8.445267451844648221e+00 3.135494215929149675e+00
8.440312147080279104e+00 3.258096538021482136e+00
8.434680769841772729e+00 3.332204510175203804e+00
8.428580533059633950e+00 3.135494215929149675e+00
8.423541635334782285e+00 2.944438979166440262e+00
8.419359831067474431e+00 3.433987204485146272e+00
8.412499120301571764e+00 2.995732273553990854e+00
8.408047744155439318e+00 3.218875824868200564e+00
8.402455513945813692e+00 2.995732273553990854e+00
8.397959103492539157e+00 3.295836866004329124e+00
8.391856700104940003e+00 3.135494215929149675e+00
8.386628821395120781e+00 3.258096538021482136e+00
8.380685946761573746e+00 2.639057329615258407e+00
8.377471248241100454e+00 3.218875824868200564e+00
8.371704884667630964e+00 3.091042453358316067e+00
8.366602832783735622e+00 2.944438979166440262e+00
8.362175469149628171e+00 3.295836866004329124e+00
8.355850041007474971e+00 3.178053830347945752e+00
8.350193650720067140e+00 3.135494215929149675e+00
8.344742754417545427e+00 3.258096538021482136e+00
8.338544879988578629e+00 2.197224577336219564e+00
8.336390480591552077e+00 3.295836866004329124e+00
8.329899292995724736e+00 3.295836866004329124e+00
8.323365694436080986e+00 3.218875824868200564e+00
8.317277766221234714e+00 3.178053830347945752e+00
8.311398278436641363e+00 3.178053830347945752e+00
8.305484017727691182e+00 2.944438979166440262e+00
8.300776960851454334e+00 3.258096538021482136e+00
8.294299608857235384e+00 2.564949357461536739e+00
8.291045131081729025e+00 2.944438979166440262e+00
8.286269452783065148e+00 2.564949357461536739e+00
8.282988692742602410e+00 3.044522437723423014e+00
8.277666160851502752e+00 3.044522437723423014e+00
8.272315147956021519e+00 2.995732273553990854e+00
8.267192185932145776e+00 3.178053830347945752e+00
8.261009786023826962e+00 2.890371757896164517e+00
8.256347772918015693e+00 2.944438979166440262e+00
8.251403065380555901e+00 2.484906649788000355e+00
8.248267447446899325e+00 2.833213344056216165e+00
8.243808423665280216e+00 3.258096538021482136e+00
8.236950048061455476e+00 3.295836866004329124e+00
8.229777750081886722e+00 2.833213344056216165e+00
8.225235324101667800e+00 2.833213344056216165e+00
8.220672170297252279e+00 3.044522437723423014e+00
8.215006432761574828e+00 2.564949357461536739e+00
8.211482916445065783e+00 2.397895272798370669e+00
8.208491751740380593e+00 2.708050201102210064e+00
8.204398418149381200e+00 2.397895272798370669e+00
8.201385955238608361e+00 2.995732273553990854e+00
8.195885391314796209e+00 2.890371757896164517e+00
8.190908881182513923e+00 2.944438979166440262e+00
8.185628891147606723e+00 3.044522437723423014e+00
8.179760493699900437e+00 3.044522437723423014e+00
8.173857454773621356e+00 3.135494215929149675e+00
8.167351987056070683e+00 2.995732273553990854e+00
8.161660452056281656e+00 2.772588722239781145e+00
8.157083785028870437e+00 2.639057329615258407e+00
8.153061946801051008e+00 2.708050201102210064e+00
8.148734808937168950e+00 2.995732273553990854e+00
8.142936010432265448e+00 2.995732273553990854e+00
8.137103389639301909e+00 2.890371757896164517e+00
8.131824785007195189e+00 2.772588722239781145e+00
8.127109185346375497e+00 3.044522437723423014e+00
8.120886021092838192e+00 2.302585092994045901e+00
8.117908942383154525e+00 2.484906649788000355e+00
8.114324709155338766e+00 2.639057329615258407e+00
8.110126801941099473e+00 2.944438979166440262e+00
8.104401307921612840e+00 2.772588722239781145e+00
8.099554282376363545e+00 2.890371757896164517e+00
8.094073148069352186e+00 2.772588722239781145e+00
8.089175678837561279e+00 2.772588722239781145e+00
8.084254106307318111e+00 3.178053830347945752e+00
8.076826031298807607e+00 2.639057329615258407e+00
8.072467369354770383e+00 2.397895272798370669e+00
8.069029328774957932e+00 2.397895272798370669e+00
8.065579427282091984e+00 2.302585092994045901e+00
8.062432791583194813e+00 2.890371757896164517e+00
8.056743774975313244e+00 2.833213344056216165e+00
8.051340933292978619e+00 2.995732273553990854e+00
8.044947049617722001e+00 2.833213344056216165e+00
8.039479919100449123e+00 2.944438979166440262e+00
8.033334015880061685e+00 2.302585092994045901e+00
8.030084094267563088e+00 2.639057329615258407e+00
8.025516386489007559e+00 2.484906649788000355e+00
8.021584533455106580e+00 2.995732273553990854e+00
8.014996894348302092e+00 2.397895272798370669e+00
8.011355109161286236e+00 2.197224577336219564e+00
8.008365570312919957e+00 2.564949357461536739e+00
8.004031507852699789e+00 2.772588722239781145e+00
7.998671361015776249e+00 2.890371757896164517e+00
7.992606652400209732e+00 2.708050201102210064e+00
7.987524479848766568e+00 2.890371757896164517e+00
7.981391581580069783e+00 2.564949357461536739e+00
7.976938756959434329e+00 2.772588722239781145e+00
7.971430997769350491e+00 2.639057329615258407e+00
7.966586697638402548e+00 2.302585092994045901e+00
7.963112058979289642e+00 2.995732273553990854e+00
7.956126351213500314e+00 2.890371757896164517e+00
7.949797216161852198e+00 2.708050201102210064e+00
7.944492163932158846e+00 2.484906649788000355e+00
7.940227765145701611e+00 1.945910149055313232e+00
7.937731775260108869e+00 2.302585092994045901e+00
7.934155233536322349e+00 2.772588722239781145e+00
7.928406026180534916e+00 2.639057329615258407e+00
7.923348211930154150e+00 2.833213344056216165e+00
7.917171988845775665e+00 2.772588722239781145e+00
7.911324018963353133e+00 2.397895272798370669e+00
7.907283609426348114e+00 2.564949357461536739e+00
7.902487437162855066e+00 2.639057329615258407e+00
7.897296472595884964e+00 2.564949357461536739e+00
7.892452043520352234e+00 2.484906649788000355e+00
7.887959336599944749e+00 2.079441541679835748e+00
7.884952945759813758e+00 2.397895272798370669e+00
7.880804344674901429e+00 2.302585092994045901e+00
7.877017895622397958e+00 2.484906649788000355e+00
7.872455150063979445e+00 2.639057329615258407e+00
7.867105500316738720e+00 2.890371757896164517e+00
7.860185057472165226e+00 2.302585092994045901e+00
7.856319571406587876e+00 2.302585092994045901e+00
7.852439085357509896e+00 2.944438979166440262e+00
7.845024417241483583e+00 2.302585092994045901e+00
7.841099765422119283e+00 2.772588722239781145e+00
7.834788107388193978e+00 2.772588722239781145e+00
7.828436359157585400e+00 2.079441541679835748e+00
7.825245291431774497e+00 2.639057329615258407e+00
7.819636302367592329e+00 2.302585092994045901e+00
7.815610532035190516e+00 2.564949357461536739e+00
7.810352683724289591e+00 2.708050201102210064e+00
7.804251383528112207e+00 2.197224577336219564e+00
7.800572654670649975e+00 1.791759469228054957e+00
7.798112628829787951e+00 2.302585092994045901e+00
7.793999089503995670e+00 2.079441541679835748e+00
7.790696031174737968e+00 2.302585092994045901e+00
7.786551806428711586e+00 2.564949357461536739e+00
7.781138509845015427e+00 2.397895272798370669e+00
7.776535028185240783e+00 2.772588722239781145e+00
7.769800996003896287e+00 2.944438979166440262e+00
7.761744984658912827e+00 2.944438979166440262e+00
7.753623546559746060e+00 2.564949357461536739e+00
7.748028524432376329e+00 2.564949357461536739e+00
7.742402021815782298e+00 2.564949357461536739e+00
7.736743682453495197e+00 2.890371757896164517e+00
7.728855823852542883e+00 2.397895272798370669e+00
7.724004656676065395e+00 2.397895272798370669e+00
7.719129840906732376e+00 2.079441541679835748e+00
7.715569534520207995e+00 2.564949357461536739e+00
7.709756864454164749e+00 2.708050201102210064e+00
7.703007682479236173e+00 2.397895272798370669e+00
7.698029170272804755e+00 1.945910149055313232e+00
7.694848072384609772e+00 1.945910149055313232e+00
7.691656822810546856e+00 2.890371757896164517e+00
7.683403681053825984e+00 2.639057329615258407e+00
7.676937145818079955e+00 2.079441541679835748e+00
7.673223121121708346e+00 2.197224577336219564e+00
7.669028288589682774e+00 2.079441541679835748e+00
7.665284718471350622e+00 2.484906649788000355e+00
7.659642954564682249e+00 2.397895272798370669e+00
7.654443226470112549e+00 2.484906649788000355e+00
7.648739788956242514e+00 2.079441541679835748e+00
7.644919344958856833e+00 2.484906649788000355e+00
7.639161171659172744e+00 2.397895272798370669e+00
7.633853559681767820e+00 2.079441541679835748e+00
7.629975707027789156e+00 1.791759469228054957e+00
7.627057417018933805e+00 1.945910149055313232e+00
7.623641946511571454e+00 1.791759469228054957e+00
7.620705086838261977e+00 2.079441541679835748e+00
7.616775808698372785e+00 2.564949357461536739e+00
7.610357618312837857e+00 2.484906649788000355e+00
7.604396348796337968e+00 2.484906649788000355e+00
7.598399329323964224e+00 1.945910149055313232e+00
7.594884387216519706e+00 2.079441541679835748e+00
7.590852123688581088e+00 2.079441541679835748e+00
7.586803535162580658e+00 2.564949357461536739e+00
7.580189417944541042e+00 2.564949357461536739e+00
7.573531262745950343e+00 2.197224577336219564e+00
7.568895663406995489e+00 2.079441541679835748e+00
7.564757012905729106e+00 2.564949357461536739e+00
7.557994958530805718e+00 2.197224577336219564e+00
7.553286605600418646e+00 2.197224577336219564e+00
7.548555979169873531e+00 1.098612288668109782e+00
7.546974117516526803e+00 1.945910149055313232e+00
7.543273346705445803e+00 1.945910149055313232e+00
7.539558829301030052e+00 2.639057329615258407e+00
7.532088143541722403e+00 2.639057329615258407e+00
7.524561226285359616e+00 2.197224577336219564e+00
7.519692404116539386e+00 2.302585092994045901e+00
7.514254652816410029e+00 1.945910149055313232e+00
7.510430556378006273e+00 1.791759469228054957e+00
