t N
0.000000000000000000e+00 2.000000000000000000e+04
1.000000000000000000e+00 1.990200000000000000e+04
2.000000000000000000e+00 1.981400000000000000e+04
3.000000000000000000e+00 1.972300000000000000e+04
4.000000000000000000e+00 1.959900000000000000e+04
5.000000000000000000e+00 1.948900000000000000e+04
6.000000000000000000e+00 1.940000000000000000e+04
7.000000000000000000e+00 1.929700000000000000e+04
8.000000000000000000e+00 1.920300000000000000e+04
9.000000000000000000e+00 1.909900000000000000e+04
1.000000000000000000e+01 1.902000000000000000e+04
1.100000000000000000e+01 1.892400000000000000e+04
1.200000000000000000e+01 1.882400000000000000e+04
1.300000000000000000e+01 1.872400000000000000e+04
1.400000000000000000e+01 1.863200000000000000e+04
1.500000000000000000e+01 1.854200000000000000e+04
1.600000000000000000e+01 1.846300000000000000e+04
1.700000000000000000e+01 1.834500000000000000e+04
1.800000000000000000e+01 1.825900000000000000e+04
1.900000000000000000e+01 1.816900000000000000e+04
2.000000000000000000e+01 1.806100000000000000e+04
2.100000000000000000e+01 1.796200000000000000e+04
2.200000000000000000e+01 1.786100000000000000e+04
2.300000000000000000e+01 1.777000000000000000e+04
2.400000000000000000e+01 1.765500000000000000e+04
2.500000000000000000e+01 1.755900000000000000e+04
2.600000000000000000e+01 1.748400000000000000e+04
2.700000000000000000e+01 1.739300000000000000e+04
2.800000000000000000e+01 1.730600000000000000e+04
2.900000000000000000e+01 1.720800000000000000e+04
3.000000000000000000e+01 1.712100000000000000e+04
3.100000000000000000e+01 1.703200000000000000e+04
3.200000000000000000e+01 1.693600000000000000e+04
3.300000000000000000e+01 1.685200000000000000e+04
3.400000000000000000e+01 1.676200000000000000e+04
3.500000000000000000e+01 1.666700000000000000e+04
3.600000000000000000e+01 1.657900000000000000e+04
3.700000000000000000e+01 1.650100000000000000e+04
3.800000000000000000e+01 1.642600000000000000e+04
3.900000000000000000e+01 1.635000000000000000e+04
4.000000000000000000e+01 1.626800000000000000e+04
4.100000000000000000e+01 1.618100000000000000e+04
4.200000000000000000e+01 1.610600000000000000e+04
4.300000000000000000e+01 1.602500000000000000e+04
4.400000000000000000e+01 1.594700000000000000e+04
4.500000000000000000e+01 1.587200000000000000e+04
4.600000000000000000e+01 1.581000000000000000e+04
4.700000000000000000e+01 1.573700000000000000e+04
4.800000000000000000e+01 1.566900000000000000e+04
4.900000000000000000e+01 1.559300000000000000e+04
5.000000000000000000e+01 1.551400000000000000e+04
5.100000000000000000e+01 1.542800000000000000e+04
5.200000000000000000e+01 1.535200000000000000e+04
5.300000000000000000e+01 1.527800000000000000e+04
5.400000000000000000e+01 1.519900000000000000e+04
5.500000000000000000e+01 1.512100000000000000e+04
5.600000000000000000e+01 1.504000000000000000e+04
5.700000000000000000e+01 1.497800000000000000e+04
5.800000000000000000e+01 1.489900000000000000e+04
5.900000000000000000e+01 1.482300000000000000e+04
6.000000000000000000e+01 1.475900000000000000e+04
6.100000000000000000e+01 1.467600000000000000e+04
6.200000000000000000e+01 1.460900000000000000e+04
6.300000000000000000e+01 1.452300000000000000e+04
6.400000000000000000e+01 1.445000000000000000e+04
6.500000000000000000e+01 1.437400000000000000e+04
6.600000000000000000e+01 1.430600000000000000e+04
6.700000000000000000e+01 1.423600000000000000e+04
6.800000000000000000e+01 1.417700000000000000e+04
6.900000000000000000e+01 1.411000000000000000e+04
7.000000000000000000e+01 1.403000000000000000e+04
7.100000000000000000e+01 1.395500000000000000e+04
7.200000000000000000e+01 1.388100000000000000e+04
7.300000000000000000e+01 1.382200000000000000e+04
7.400000000000000000e+01 1.375500000000000000e+04
7.500000000000000000e+01 1.369700000000000000e+04
7.600000000000000000e+01 1.362400000000000000e+04
7.700000000000000000e+01 1.355000000000000000e+04
7.800000000000000000e+01 1.347100000000000000e+04
7.900000000000000000e+01 1.339700000000000000e+04
8.000000000000000000e+01 1.333100000000000000e+04
8.100000000000000000e+01 1.326900000000000000e+04
8.200000000000000000e+01 1.321600000000000000e+04
8.300000000000000000e+01 1.313000000000000000e+04
8.400000000000000000e+01 1.305900000000000000e+04
8.500000000000000000e+01 1.299700000000000000e+04
8.600000000000000000e+01 1.294400000000000000e+04
8.700000000000000000e+01 1.287300000000000000e+04
8.800000000000000000e+01 1.280700000000000000e+04
8.900000000000000000e+01 1.275200000000000000e+04
9.000000000000000000e+01 1.269100000000000000e+04
9.100000000000000000e+01 1.262400000000000000e+04
9.200000000000000000e+01 1.255000000000000000e+04
9.300000000000000000e+01 1.249500000000000000e+04
9.400000000000000000e+01 1.243000000000000000e+04
9.500000000000000000e+01 1.236600000000000000e+04
9.600000000000000000e+01 1.230600000000000000e+04
9.700000000000000000e+01 1.225300000000000000e+04
9.800000000000000000e+01 1.219200000000000000e+04
9.900000000000000000e+01 1.213800000000000000e+04
1.000000000000000000e+02 1.207800000000000000e+04
1.010000000000000000e+02 1.201000000000000000e+04
1.020000000000000000e+02 1.194300000000000000e+04
1.030000000000000000e+02 1.188400000000000000e+04
1.040000000000000000e+02 1.182100000000000000e+04
1.050000000000000000e+02 1.177100000000000000e+04
1.060000000000000000e+02 1.170200000000000000e+04
1.070000000000000000e+02 1.164300000000000000e+04
1.080000000000000000e+02 1.158600000000000000e+04
1.090000000000000000e+02 1.153600000000000000e+04
1.100000000000000000e+02 1.149000000000000000e+04
1.110000000000000000e+02 1.143400000000000000e+04
1.120000000000000000e+02 1.137500000000000000e+04
1.130000000000000000e+02 1.132900000000000000e+04
1.140000000000000000e+02 1.127000000000000000e+04
1.150000000000000000e+02 1.122400000000000000e+04
1.160000000000000000e+02 1.116800000000000000e+04
1.170000000000000000e+02 1.112200000000000000e+04
1.180000000000000000e+02 1.105800000000000000e+04
1.190000000000000000e+02 1.100300000000000000e+04
1.200000000000000000e+02 1.093400000000000000e+04
1.210000000000000000e+02 1.088700000000000000e+04
1.220000000000000000e+02 1.082800000000000000e+04
1.230000000000000000e+02 1.077100000000000000e+04
1.240000000000000000e+02 1.072200000000000000e+04
1.250000000000000000e+02 1.065700000000000000e+04
1.260000000000000000e+02 1.060500000000000000e+04
1.270000000000000000e+02 1.055100000000000000e+04
1.280000000000000000e+02 1.049900000000000000e+04
1.290000000000000000e+02 1.044800000000000000e+04
1.300000000000000000e+02 1.040900000000000000e+04
1.310000000000000000e+02 1.035800000000000000e+04
1.320000000000000000e+02 1.029900000000000000e+04
1.330000000000000000e+02 1.025000000000000000e+04
1.340000000000000000e+02 1.018900000000000000e+04
1.350000000000000000e+02 1.015100000000000000e+04
1.360000000000000000e+02 1.009700000000000000e+04
1.370000000000000000e+02 1.004900000000000000e+04
1.380000000000000000e+02 9.994000000000000000e+03
1.390000000000000000e+02 9.934000000000000000e+03
1.400000000000000000e+02 9.886000000000000000e+03
1.410000000000000000e+02 9.839000000000000000e+03
1.420000000000000000e+02 9.786000000000000000e+03
1.430000000000000000e+02 9.732000000000000000e+03
1.440000000000000000e+02 9.693000000000000000e+03
1.450000000000000000e+02 9.641000000000000000e+03
1.460000000000000000e+02 9.590000000000000000e+03
1.470000000000000000e+02 9.546000000000000000e+03
1.480000000000000000e+02 9.485000000000000000e+03
1.490000000000000000e+02 9.433000000000000000e+03
1.500000000000000000e+02 9.396000000000000000e+03
1.510000000000000000e+02 9.352000000000000000e+03
1.520000000000000000e+02 9.314000000000000000e+03
1.530000000000000000e+02 9.273000000000000000e+03
1.540000000000000000e+02 9.224000000000000000e+03
1.550000000000000000e+02 9.171000000000000000e+03
1.560000000000000000e+02 9.129000000000000000e+03
1.570000000000000000e+02 9.080000000000000000e+03
1.580000000000000000e+02 9.039000000000000000e+03
1.590000000000000000e+02 8.989000000000000000e+03
1.600000000000000000e+02 8.943000000000000000e+03
1.610000000000000000e+02 8.897000000000000000e+03
1.620000000000000000e+02 8.848000000000000000e+03
1.630000000000000000e+02 8.801000000000000000e+03
1.640000000000000000e+02 8.761000000000000000e+03
1.650000000000000000e+02 8.708000000000000000e+03
1.660000000000000000e+02 8.664000000000000000e+03
1.670000000000000000e+02 8.617000000000000000e+03
1.680000000000000000e+02 8.585000000000000000e+03
1.690000000000000000e+02 8.533000000000000000e+03
1.700000000000000000e+02 8.486000000000000000e+03
1.710000000000000000e+02 8.448000000000000000e+03
1.720000000000000000e+02 8.408000000000000000e+03
1.730000000000000000e+02 8.369000000000000000e+03
1.740000000000000000e+02 8.324000000000000000e+03
1.750000000000000000e+02 8.287000000000000000e+03
1.760000000000000000e+02 8.249000000000000000e+03
1.770000000000000000e+02 8.213000000000000000e+03
1.780000000000000000e+02 8.167000000000000000e+03
1.790000000000000000e+02 8.122000000000000000e+03
1.800000000000000000e+02 8.078000000000000000e+03
1.810000000000000000e+02 8.040000000000000000e+03
1.820000000000000000e+02 7.988000000000000000e+03
1.830000000000000000e+02 7.962000000000000000e+03
1.840000000000000000e+02 7.922000000000000000e+03
1.850000000000000000e+02 7.878000000000000000e+03
1.860000000000000000e+02 7.839000000000000000e+03
1.870000000000000000e+02 7.796000000000000000e+03
1.880000000000000000e+02 7.765000000000000000e+03
1.890000000000000000e+02 7.724000000000000000e+03
1.900000000000000000e+02 7.690000000000000000e+03
1.910000000000000000e+02 7.655000000000000000e+03
1.920000000000000000e+02 7.608000000000000000e+03
1.930000000000000000e+02 7.573000000000000000e+03
1.940000000000000000e+02 7.542000000000000000e+03
1.950000000000000000e+02 7.515000000000000000e+03
1.960000000000000000e+02 7.479000000000000000e+03
1.970000000000000000e+02 7.439000000000000000e+03
1.980000000000000000e+02 7.398000000000000000e+03
1.990000000000000000e+02 7.363000000000000000e+03
2.000000000000000000e+02 7.335000000000000000e+03
2.010000000000000000e+02 7.307000000000000000e+03
2.020000000000000000e+02 7.269000000000000000e+03
2.030000000000000000e+02 7.242000000000000000e+03
2.040000000000000000e+02 7.194000000000000000e+03
2.050000000000000000e+02 7.154000000000000000e+03
2.060000000000000000e+02 7.124000000000000000e+03
2.070000000000000000e+02 7.089000000000000000e+03
2.080000000000000000e+02 7.057000000000000000e+03
2.090000000000000000e+02 7.019000000000000000e+03
2.100000000000000000e+02 6.987000000000000000e+03
2.110000000000000000e+02 6.954000000000000000e+03
2.120000000000000000e+02 6.920000000000000000e+03
2.130000000000000000e+02 6.880000000000000000e+03
2.140000000000000000e+02 6.845000000000000000e+03
2.150000000000000000e+02 6.817000000000000000e+03
2.160000000000000000e+02 6.785000000000000000e+03
2.170000000000000000e+02 6.760000000000000000e+03
2.180000000000000000e+02 6.729000000000000000e+03
2.190000000000000000e+02 6.699000000000000000e+03
2.200000000000000000e+02 6.667000000000000000e+03
2.210000000000000000e+02 6.628000000000000000e+03
2.220000000000000000e+02 6.596000000000000000e+03
2.230000000000000000e+02 6.566000000000000000e+03
2.240000000000000000e+02 6.540000000000000000e+03
2.250000000000000000e+02 6.513000000000000000e+03
2.260000000000000000e+02 6.483000000000000000e+03
2.270000000000000000e+02 6.449000000000000000e+03
2.280000000000000000e+02 6.416000000000000000e+03
2.290000000000000000e+02 6.377000000000000000e+03
2.300000000000000000e+02 6.358000000000000000e+03
2.310000000000000000e+02 6.325000000000000000e+03
2.320000000000000000e+02 6.277000000000000000e+03
2.330000000000000000e+02 6.242000000000000000e+03
2.340000000000000000e+02 6.214000000000000000e+03
2.350000000000000000e+02 6.183000000000000000e+03
2.360000000000000000e+02 6.153000000000000000e+03
2.370000000000000000e+02 6.122000000000000000e+03
2.380000000000000000e+02 6.103000000000000000e+03
2.390000000000000000e+02 6.067000000000000000e+03
2.400000000000000000e+02 6.036000000000000000e+03
2.410000000000000000e+02 6.003000000000000000e+03
2.420000000000000000e+02 5.966000000000000000e+03
2.430000000000000000e+02 5.936000000000000000e+03
2.440000000000000000e+02 5.900000000000000000e+03
2.450000000000000000e+02 5.879000000000000000e+03
2.460000000000000000e+02 5.857000000000000000e+03
2.470000000000000000e+02 5.823000000000000000e+03
2.480000000000000000e+02 5.793000000000000000e+03
2.490000000000000000e+02 5.760000000000000000e+03
2.500000000000000000e+02 5.724000000000000000e+03
2.510000000000000000e+02 5.701000000000000000e+03
2.520000000000000000e+02 5.674000000000000000e+03
2.530000000000000000e+02 5.642000000000000000e+03
2.540000000000000000e+02 5.614000000000000000e+03
2.550000000000000000e+02 5.585000000000000000e+03
2.560000000000000000e+02 5.562000000000000000e+03
2.570000000000000000e+02 5.537000000000000000e+03
2.580000000000000000e+02 5.511000000000000000e+03
2.590000000000000000e+02 5.485000000000000000e+03
2.600000000000000000e+02 5.457000000000000000e+03
2.610000000000000000e+02 5.425000000000000000e+03
2.620000000000000000e+02 5.398000000000000000e+03
2.630000000000000000e+02 5.358000000000000000e+03
2.640000000000000000e+02 5.326000000000000000e+03
2.650000000000000000e+02 5.297000000000000000e+03
2.660000000000000000e+02 5.261000000000000000e+03
2.670000000000000000e+02 5.229000000000000000e+03
2.680000000000000000e+02 5.205000000000000000e+03
2.690000000000000000e+02 5.172000000000000000e+03
2.700000000000000000e+02 5.148000000000000000e+03
2.710000000000000000e+02 5.129000000000000000e+03
2.720000000000000000e+02 5.102000000000000000e+03
2.730000000000000000e+02 5.077000000000000000e+03
2.740000000000000000e+02 5.039000000000000000e+03
2.750000000000000000e+02 5.012000000000000000e+03
2.760000000000000000e+02 4.979000000000000000e+03
2.770000000000000000e+02 4.947000000000000000e+03
2.780000000000000000e+02 4.918000000000000000e+03
2.790000000000000000e+02 4.895000000000000000e+03
2.800000000000000000e+02 4.870000000000000000e+03
2.810000000000000000e+02 4.847000000000000000e+03
2.820000000000000000e+02 4.824000000000000000e+03
2.830000000000000000e+02 4.802000000000000000e+03
2.840000000000000000e+02 4.779000000000000000e+03
2.850000000000000000e+02 4.753000000000000000e+03
2.860000000000000000e+02 4.724000000000000000e+03
2.870000000000000000e+02 4.701000000000000000e+03
2.880000000000000000e+02 4.682000000000000000e+03
2.890000000000000000e+02 4.653000000000000000e+03
2.900000000000000000e+02 4.629000000000000000e+03
2.910000000000000000e+02 4.605000000000000000e+03
2.920000000000000000e+02 4.576000000000000000e+03
2.930000000000000000e+02 4.558000000000000000e+03
2.940000000000000000e+02 4.540000000000000000e+03
2.950000000000000000e+02 4.520000000000000000e+03
2.960000000000000000e+02 4.501000000000000000e+03
2.970000000000000000e+02 4.486000000000000000e+03
2.980000000000000000e+02 4.470000000000000000e+03
2.990000000000000000e+02 4.452000000000000000e+03
3.000000000000000000e+02 4.430000000000000000e+03
3.010000000000000000e+02 4.411000000000000000e+03
3.020000000000000000e+02 4.391000000000000000e+03
3.030000000000000000e+02 4.362000000000000000e+03
3.040000000000000000e+02 4.341000000000000000e+03
3.050000000000000000e+02 4.310000000000000000e+03
3.060000000000000000e+02 4.289000000000000000e+03
3.070000000000000000e+02 4.273000000000000000e+03
3.080000000000000000e+02 4.256000000000000000e+03
3.090000000000000000e+02 4.233000000000000000e+03
3.100000000000000000e+02 4.204000000000000000e+03
3.110000000000000000e+02 4.182000000000000000e+03
3.120000000000000000e+02 4.156000000000000000e+03
3.130000000000000000e+02 4.136000000000000000e+03
3.140000000000000000e+02 4.120000000000000000e+03
3.150000000000000000e+02 4.105000000000000000e+03
3.160000000000000000e+02 4.087000000000000000e+03
3.170000000000000000e+02 4.070000000000000000e+03
3.180000000000000000e+02 4.050000000000000000e+03
3.190000000000000000e+02 4.033000000000000000e+03
3.200000000000000000e+02 4.010000000000000000e+03
3.210000000000000000e+02 3.995000000000000000e+03
3.220000000000000000e+02 3.967000000000000000e+03
3.230000000000000000e+02 3.946000000000000000e+03
3.240000000000000000e+02 3.930000000000000000e+03
3.250000000000000000e+02 3.895000000000000000e+03
3.260000000000000000e+02 3.872000000000000000e+03
3.270000000000000000e+02 3.850000000000000000e+03
3.280000000000000000e+02 3.827000000000000000e+03
3.290000000000000000e+02 3.810000000000000000e+03
3.300000000000000000e+02 3.787000000000000000e+03
3.310000000000000000e+02 3.771000000000000000e+03
3.320000000000000000e+02 3.753000000000000000e+03
3.330000000000000000e+02 3.735000000000000000e+03
3.340000000000000000e+02 3.719000000000000000e+03
3.350000000000000000e+02 3.700000000000000000e+03
3.360000000000000000e+02 3.679000000000000000e+03
3.370000000000000000e+02 3.658000000000000000e+03
3.380000000000000000e+02 3.633000000000000000e+03
3.390000000000000000e+02 3.621000000000000000e+03
3.400000000000000000e+02 3.596000000000000000e+03
3.410000000000000000e+02 3.579000000000000000e+03
3.420000000000000000e+02 3.564000000000000000e+03
3.430000000000000000e+02 3.543000000000000000e+03
3.440000000000000000e+02 3.523000000000000000e+03
3.450000000000000000e+02 3.505000000000000000e+03
3.460000000000000000e+02 3.485000000000000000e+03
3.470000000000000000e+02 3.468000000000000000e+03
3.480000000000000000e+02 3.449000000000000000e+03
3.490000000000000000e+02 3.438000000000000000e+03
3.500000000000000000e+02 3.424000000000000000e+03
3.510000000000000000e+02 3.399000000000000000e+03
3.520000000000000000e+02 3.390000000000000000e+03
3.530000000000000000e+02 3.362000000000000000e+03
3.540000000000000000e+02 3.350000000000000000e+03
3.550000000000000000e+02 3.337000000000000000e+03
3.560000000000000000e+02 3.320000000000000000e+03
3.570000000000000000e+02 3.303000000000000000e+03
3.580000000000000000e+02 3.282000000000000000e+03
3.590000000000000000e+02 3.267000000000000000e+03
3.600000000000000000e+02 3.247000000000000000e+03
3.610000000000000000e+02 3.225000000000000000e+03
3.620000000000000000e+02 3.208000000000000000e+03
3.630000000000000000e+02 3.195000000000000000e+03
3.640000000000000000e+02 3.178000000000000000e+03
3.650000000000000000e+02 3.163000000000000000e+03
3.660000000000000000e+02 3.149000000000000000e+03
3.670000000000000000e+02 3.138000000000000000e+03
3.680000000000000000e+02 3.121000000000000000e+03
3.690000000000000000e+02 3.106000000000000000e+03
3.700000000000000000e+02 3.092000000000000000e+03
3.710000000000000000e+02 3.077000000000000000e+03
3.720000000000000000e+02 3.067000000000000000e+03
3.730000000000000000e+02 3.056000000000000000e+03
3.740000000000000000e+02 3.044000000000000000e+03
3.750000000000000000e+02 3.025000000000000000e+03
3.760000000000000000e+02 3.007000000000000000e+03
3.770000000000000000e+02 3.001000000000000000e+03
3.780000000000000000e+02 2.984000000000000000e+03
3.790000000000000000e+02 2.971000000000000000e+03
3.800000000000000000e+02 2.952000000000000000e+03
3.810000000000000000e+02 2.941000000000000000e+03
3.820000000000000000e+02 2.924000000000000000e+03
3.830000000000000000e+02 2.909000000000000000e+03
3.840000000000000000e+02 2.891000000000000000e+03
3.850000000000000000e+02 2.876000000000000000e+03
3.860000000000000000e+02 2.864000000000000000e+03
3.870000000000000000e+02 2.851000000000000000e+03
3.880000000000000000e+02 2.835000000000000000e+03
3.890000000000000000e+02 2.818000000000000000e+03
3.900000000000000000e+02 2.808000000000000000e+03
3.910000000000000000e+02 2.797000000000000000e+03
3.920000000000000000e+02 2.782000000000000000e+03
3.930000000000000000e+02 2.770000000000000000e+03
3.940000000000000000e+02 2.754000000000000000e+03
3.950000000000000000e+02 2.734000000000000000e+03
3.960000000000000000e+02 2.720000000000000000e+03
3.970000000000000000e+02 2.707000000000000000e+03
3.980000000000000000e+02 2.692000000000000000e+03
3.990000000000000000e+02 2.671000000000000000e+03
4.000000000000000000e+02 2.656000000000000000e+03
4.010000000000000000e+02 2.643000000000000000e+03
4.020000000000000000e+02 2.631000000000000000e+03
4.030000000000000000e+02 2.622000000000000000e+03
4.040000000000000000e+02 2.611000000000000000e+03
4.050000000000000000e+02 2.603000000000000000e+03
4.060000000000000000e+02 2.594000000000000000e+03
4.070000000000000000e+02 2.582000000000000000e+03
4.080000000000000000e+02 2.570000000000000000e+03
4.090000000000000000e+02 2.557000000000000000e+03
4.100000000000000000e+02 2.540000000000000000e+03
4.110000000000000000e+02 2.525000000000000000e+03
4.120000000000000000e+02 2.511000000000000000e+03
4.130000000000000000e+02 2.491000000000000000e+03
4.140000000000000000e+02 2.481000000000000000e+03
4.150000000000000000e+02 2.475000000000000000e+03
4.160000000000000000e+02 2.461000000000000000e+03
4.170000000000000000e+02 2.446000000000000000e+03
4.180000000000000000e+02 2.433000000000000000e+03
4.190000000000000000e+02 2.422000000000000000e+03
4.200000000000000000e+02 2.417000000000000000e+03
4.210000000000000000e+02 2.402000000000000000e+03
4.220000000000000000e+02 2.383000000000000000e+03
4.230000000000000000e+02 2.372000000000000000e+03
4.240000000000000000e+02 2.359000000000000000e+03
4.250000000000000000e+02 2.343000000000000000e+03
4.260000000000000000e+02 2.327000000000000000e+03
4.270000000000000000e+02 2.313000000000000000e+03
4.280000000000000000e+02 2.300000000000000000e+03
4.290000000000000000e+02 2.289000000000000000e+03
4.300000000000000000e+02 2.273000000000000000e+03
4.310000000000000000e+02 2.264000000000000000e+03
4.320000000000000000e+02 2.258000000000000000e+03
4.330000000000000000e+02 2.244000000000000000e+03
4.340000000000000000e+02 2.231000000000000000e+03
4.350000000000000000e+02 2.217000000000000000e+03
4.360000000000000000e+02 2.204000000000000000e+03
4.370000000000000000e+02 2.196000000000000000e+03
4.380000000000000000e+02 2.185000000000000000e+03
4.390000000000000000e+02 2.175000000000000000e+03
4.400000000000000000e+02 2.168000000000000000e+03
4.410000000000000000e+02 2.158000000000000000e+03
4.420000000000000000e+02 2.145000000000000000e+03
4.430000000000000000e+02 2.135000000000000000e+03
4.440000000000000000e+02 2.122000000000000000e+03
4.450000000000000000e+02 2.110000000000000000e+03
4.460000000000000000e+02 2.099000000000000000e+03
4.470000000000000000e+02 2.089000000000000000e+03
4.480000000000000000e+02 2.080000000000000000e+03
4.490000000000000000e+02 2.072000000000000000e+03
4.500000000000000000e+02 2.060000000000000000e+03
4.510000000000000000e+02 2.051000000000000000e+03
4.520000000000000000e+02 2.042000000000000000e+03
4.530000000000000000e+02 2.035000000000000000e+03
4.540000000000000000e+02 2.020000000000000000e+03
4.550000000000000000e+02 2.008000000000000000e+03
4.560000000000000000e+02 1.997000000000000000e+03
4.570000000000000000e+02 1.985000000000000000e+03
4.580000000000000000e+02 1.979000000000000000e+03
4.590000000000000000e+02 1.969000000000000000e+03
4.600000000000000000e+02 1.961000000000000000e+03
4.610000000000000000e+02 1.951000000000000000e+03
4.620000000000000000e+02 1.946000000000000000e+03
4.630000000000000000e+02 1.934000000000000000e+03
4.640000000000000000e+02 1.925000000000000000e+03
4.650000000000000000e+02 1.915000000000000000e+03
4.660000000000000000e+02 1.901000000000000000e+03
4.670000000000000000e+02 1.892000000000000000e+03
4.680000000000000000e+02 1.879000000000000000e+03
4.690000000000000000e+02 1.870000000000000000e+03
4.700000000000000000e+02 1.858000000000000000e+03
4.710000000000000000e+02 1.845000000000000000e+03
4.720000000000000000e+02 1.840000000000000000e+03
4.730000000000000000e+02 1.834000000000000000e+03
4.740000000000000000e+02 1.827000000000000000e+03
4.750000000000000000e+02 1.818000000000000000e+03
4.760000000000000000e+02 1.811000000000000000e+03
4.770000000000000000e+02 1.803000000000000000e+03
4.780000000000000000e+02 1.792000000000000000e+03
4.790000000000000000e+02 1.784000000000000000e+03
4.800000000000000000e+02 1.771000000000000000e+03
4.810000000000000000e+02 1.761000000000000000e+03
4.820000000000000000e+02 1.752000000000000000e+03
4.830000000000000000e+02 1.739000000000000000e+03
4.840000000000000000e+02 1.732000000000000000e+03
4.850000000000000000e+02 1.723000000000000000e+03
4.860000000000000000e+02 1.720000000000000000e+03
4.870000000000000000e+02 1.707000000000000000e+03
4.880000000000000000e+02 1.697000000000000000e+03
4.890000000000000000e+02 1.686000000000000000e+03
4.900000000000000000e+02 1.675000000000000000e+03
4.910000000000000000e+02 1.670000000000000000e+03
4.920000000000000000e+02 1.662000000000000000e+03
4.930000000000000000e+02 1.652000000000000000e+03
4.940000000000000000e+02 1.645000000000000000e+03
4.950000000000000000e+02 1.632000000000000000e+03
4.960000000000000000e+02 1.627000000000000000e+03
4.970000000000000000e+02 1.618000000000000000e+03
4.980000000000000000e+02 1.612000000000000000e+03
4.990000000000000000e+02 1.601000000000000000e+03
5.000000000000000000e+02 1.594000000000000000e+03
5.010000000000000000e+02 1.587000000000000000e+03
5.020000000000000000e+02 1.580000000000000000e+03
5.030000000000000000e+02 1.575000000000000000e+03
5.040000000000000000e+02 1.562000000000000000e+03
5.050000000000000000e+02 1.552000000000000000e+03
5.060000000000000000e+02 1.542000000000000000e+03
5.070000000000000000e+02 1.531000000000000000e+03
5.080000000000000000e+02 1.521000000000000000e+03
5.090000000000000000e+02 1.513000000000000000e+03
5.100000000000000000e+02 1.508000000000000000e+03
5.110000000000000000e+02 1.505000000000000000e+03
5.120000000000000000e+02 1.493000000000000000e+03
5.130000000000000000e+02 1.488000000000000000e+03
5.140000000000000000e+02 1.481000000000000000e+03
5.150000000000000000e+02 1.474000000000000000e+03
5.160000000000000000e+02 1.468000000000000000e+03
5.170000000000000000e+02 1.461000000000000000e+03
5.180000000000000000e+02 1.454000000000000000e+03
5.190000000000000000e+02 1.449000000000000000e+03
5.200000000000000000e+02 1.440000000000000000e+03
5.210000000000000000e+02 1.435000000000000000e+03
5.220000000000000000e+02 1.427000000000000000e+03
5.230000000000000000e+02 1.419000000000000000e+03
5.240000000000000000e+02 1.411000000000000000e+03
5.250000000000000000e+02 1.402000000000000000e+03
5.260000000000000000e+02 1.396000000000000000e+03
5.270000000000000000e+02 1.387000000000000000e+03
5.280000000000000000e+02 1.379000000000000000e+03
5.290000000000000000e+02 1.374000000000000000e+03
5.300000000000000000e+02 1.369000000000000000e+03
5.310000000000000000e+02 1.362000000000000000e+03
5.320000000000000000e+02 1.349000000000000000e+03
5.330000000000000000e+02 1.345000000000000000e+03
5.340000000000000000e+02 1.340000000000000000e+03
5.350000000000000000e+02 1.335000000000000000e+03
5.360000000000000000e+02 1.327000000000000000e+03
5.370000000000000000e+02 1.321000000000000000e+03
5.380000000000000000e+02 1.318000000000000000e+03
5.390000000000000000e+02 1.313000000000000000e+03
5.400000000000000000e+02 1.307000000000000000e+03
5.410000000000000000e+02 1.298000000000000000e+03
5.420000000000000000e+02 1.287000000000000000e+03
5.430000000000000000e+02 1.282000000000000000e+03
5.440000000000000000e+02 1.273000000000000000e+03
5.450000000000000000e+02 1.269000000000000000e+03
5.460000000000000000e+02 1.263000000000000000e+03
5.470000000000000000e+02 1.255000000000000000e+03
5.480000000000000000e+02 1.252000000000000000e+03
5.490000000000000000e+02 1.245000000000000000e+03
5.500000000000000000e+02 1.240000000000000000e+03
5.510000000000000000e+02 1.236000000000000000e+03
5.520000000000000000e+02 1.228000000000000000e+03
5.530000000000000000e+02 1.225000000000000000e+03
5.540000000000000000e+02 1.221000000000000000e+03
5.550000000000000000e+02 1.215000000000000000e+03
5.560000000000000000e+02 1.213000000000000000e+03
5.570000000000000000e+02 1.211000000000000000e+03
5.580000000000000000e+02 1.206000000000000000e+03
5.590000000000000000e+02 1.194000000000000000e+03
5.600000000000000000e+02 1.188000000000000000e+03
5.610000000000000000e+02 1.184000000000000000e+03
5.620000000000000000e+02 1.175000000000000000e+03
5.630000000000000000e+02 1.172000000000000000e+03
5.640000000000000000e+02 1.163000000000000000e+03
5.650000000000000000e+02 1.157000000000000000e+03
5.660000000000000000e+02 1.148000000000000000e+03
5.670000000000000000e+02 1.141000000000000000e+03
5.680000000000000000e+02 1.135000000000000000e+03
5.690000000000000000e+02 1.130000000000000000e+03
5.700000000000000000e+02 1.123000000000000000e+03
5.710000000000000000e+02 1.118000000000000000e+03
5.720000000000000000e+02 1.114000000000000000e+03
5.730000000000000000e+02 1.109000000000000000e+03
5.740000000000000000e+02 1.104000000000000000e+03
5.750000000000000000e+02 1.103000000000000000e+03
5.760000000000000000e+02 1.099000000000000000e+03
5.770000000000000000e+02 1.095000000000000000e+03
5.780000000000000000e+02 1.088000000000000000e+03
5.790000000000000000e+02 1.081000000000000000e+03
5.800000000000000000e+02 1.075000000000000000e+03
5.810000000000000000e+02 1.068000000000000000e+03
5.820000000000000000e+02 1.061000000000000000e+03
5.830000000000000000e+02 1.060000000000000000e+03
5.840000000000000000e+02 1.056000000000000000e+03
5.850000000000000000e+02 1.054000000000000000e+03
5.860000000000000000e+02 1.044000000000000000e+03
5.870000000000000000e+02 1.039000000000000000e+03
5.880000000000000000e+02 1.033000000000000000e+03
5.890000000000000000e+02 1.024000000000000000e+03
5.900000000000000000e+02 1.019000000000000000e+03
5.910000000000000000e+02 1.008000000000000000e+03
5.920000000000000000e+02 1.000000000000000000e+03
5.930000000000000000e+02 9.970000000000000000e+02
5.940000000000000000e+02 9.940000000000000000e+02
5.950000000000000000e+02 9.900000000000000000e+02
5.960000000000000000e+02 9.870000000000000000e+02
5.970000000000000000e+02 9.840000000000000000e+02
5.980000000000000000e+02 9.780000000000000000e+02
5.990000000000000000e+02 9.720000000000000000e+02
6.000000000000000000e+02 9.700000000000000000e+02
6.010000000000000000e+02 9.670000000000000000e+02
6.020000000000000000e+02 9.590000000000000000e+02
6.030000000000000000e+02 9.560000000000000000e+02
6.040000000000000000e+02 9.500000000000000000e+02
6.050000000000000000e+02 9.450000000000000000e+02
6.060000000000000000e+02 9.400000000000000000e+02
6.070000000000000000e+02 9.360000000000000000e+02
6.080000000000000000e+02 9.300000000000000000e+02
6.090000000000000000e+02 9.230000000000000000e+02
6.100000000000000000e+02 9.210000000000000000e+02
6.110000000000000000e+02 9.150000000000000000e+02
6.120000000000000000e+02 9.140000000000000000e+02
6.130000000000000000e+02 9.110000000000000000e+02
6.140000000000000000e+02 9.090000000000000000e+02
6.150000000000000000e+02 9.030000000000000000e+02
6.160000000000000000e+02 8.990000000000000000e+02
6.170000000000000000e+02 8.910000000000000000e+02
6.180000000000000000e+02 8.880000000000000000e+02
6.190000000000000000e+02 8.860000000000000000e+02
6.200000000000000000e+02 8.780000000000000000e+02
6.210000000000000000e+02 8.740000000000000000e+02
6.220000000000000000e+02 8.720000000000000000e+02
6.230000000000000000e+02 8.650000000000000000e+02
6.240000000000000000e+02 8.620000000000000000e+02
6.250000000000000000e+02 8.580000000000000000e+02
6.260000000000000000e+02 8.500000000000000000e+02
6.270000000000000000e+02 8.440000000000000000e+02
6.280000000000000000e+02 8.420000000000000000e+02
6.290000000000000000e+02 8.410000000000000000e+02
6.300000000000000000e+02 8.350000000000000000e+02
6.310000000000000000e+02 8.300000000000000000e+02
6.320000000000000000e+02 8.250000000000000000e+02
6.330000000000000000e+02 8.230000000000000000e+02
6.340000000000000000e+02 8.210000000000000000e+02
6.350000000000000000e+02 8.140000000000000000e+02
6.360000000000000000e+02 8.060000000000000000e+02
6.370000000000000000e+02 8.010000000000000000e+02
6.380000000000000000e+02 7.990000000000000000e+02
6.390000000000000000e+02 7.940000000000000000e+02
6.400000000000000000e+02 7.870000000000000000e+02
6.410000000000000000e+02 7.840000000000000000e+02
6.420000000000000000e+02 7.780000000000000000e+02
6.430000000000000000e+02 7.750000000000000000e+02
6.440000000000000000e+02 7.700000000000000000e+02
6.450000000000000000e+02 7.630000000000000000e+02
6.460000000000000000e+02 7.580000000000000000e+02
6.470000000000000000e+02 7.550000000000000000e+02
6.480000000000000000e+02 7.490000000000000000e+02
6.490000000000000000e+02 7.430000000000000000e+02
6.500000000000000000e+02 7.390000000000000000e+02
6.510000000000000000e+02 7.360000000000000000e+02
6.520000000000000000e+02 7.300000000000000000e+02
6.530000000000000000e+02 7.270000000000000000e+02
6.540000000000000000e+02 7.210000000000000000e+02
6.550000000000000000e+02 7.180000000000000000e+02
6.560000000000000000e+02 7.130000000000000000e+02
6.570000000000000000e+02 7.090000000000000000e+02
6.580000000000000000e+02 7.040000000000000000e+02
6.590000000000000000e+02 7.030000000000000000e+02
6.600000000000000000e+02 7.030000000000000000e+02
6.610000000000000000e+02 6.970000000000000000e+02
6.620000000000000000e+02 6.930000000000000000e+02
6.630000000000000000e+02 6.910000000000000000e+02
6.640000000000000000e+02 6.870000000000000000e+02
6.650000000000000000e+02 6.830000000000000000e+02
6.660000000000000000e+02 6.800000000000000000e+02
6.670000000000000000e+02 6.760000000000000000e+02
6.680000000000000000e+02 6.730000000000000000e+02
6.690000000000000000e+02 6.720000000000000000e+02
6.700000000000000000e+02 6.670000000000000000e+02
6.710000000000000000e+02 6.660000000000000000e+02
6.720000000000000000e+02 6.630000000000000000e+02
6.730000000000000000e+02 6.590000000000000000e+02
6.740000000000000000e+02 6.570000000000000000e+02
6.750000000000000000e+02 6.560000000000000000e+02
6.760000000000000000e+02 6.540000000000000000e+02
6.770000000000000000e+02 6.500000000000000000e+02
6.780000000000000000e+02 6.490000000000000000e+02
6.790000000000000000e+02 6.470000000000000000e+02
6.800000000000000000e+02 6.460000000000000000e+02
6.810000000000000000e+02 6.430000000000000000e+02
6.820000000000000000e+02 6.390000000000000000e+02
6.830000000000000000e+02 6.380000000000000000e+02
6.840000000000000000e+02 6.380000000000000000e+02
6.850000000000000000e+02 6.380000000000000000e+02
6.860000000000000000e+02 6.360000000000000000e+02
6.870000000000000000e+02 6.350000000000000000e+02
6.880000000000000000e+02 6.350000000000000000e+02
6.890000000000000000e+02 6.310000000000000000e+02
6.900000000000000000e+02 6.270000000000000000e+02
6.910000000000000000e+02 6.250000000000000000e+02
6.920000000000000000e+02 6.240000000000000000e+02
6.930000000000000000e+02 6.210000000000000000e+02
6.940000000000000000e+02 6.180000000000000000e+02
6.950000000000000000e+02 6.130000000000000000e+02
6.960000000000000000e+02 6.070000000000000000e+02
6.970000000000000000e+02 6.040000000000000000e+02
6.980000000000000000e+02 6.000000000000000000e+02
6.990000000000000000e+02 5.970000000000000000e+02
7.000000000000000000e+02 5.960000000000000000e+02
7.010000000000000000e+02 5.940000000000000000e+02
7.020000000000000000e+02 5.920000000000000000e+02
7.030000000000000000e+02 5.900000000000000000e+02
7.040000000000000000e+02 5.870000000000000000e+02
7.050000000000000000e+02 5.860000000000000000e+02
7.060000000000000000e+02 5.850000000000000000e+02
7.070000000000000000e+02 5.800000000000000000e+02
7.080000000000000000e+02 5.750000000000000000e+02
7.090000000000000000e+02 5.730000000000000000e+02
7.100000000000000000e+02 5.720000000000000000e+02
7.110000000000000000e+02 5.700000000000000000e+02
7.120000000000000000e+02 5.680000000000000000e+02
7.130000000000000000e+02 5.650000000000000000e+02
7.140000000000000000e+02 5.600000000000000000e+02
7.150000000000000000e+02 5.580000000000000000e+02
7.160000000000000000e+02 5.540000000000000000e+02
7.170000000000000000e+02 5.520000000000000000e+02
7.180000000000000000e+02 5.490000000000000000e+02
7.190000000000000000e+02 5.450000000000000000e+02
7.200000000000000000e+02 5.420000000000000000e+02
7.210000000000000000e+02 5.380000000000000000e+02
7.220000000000000000e+02 5.330000000000000000e+02
7.230000000000000000e+02 5.280000000000000000e+02
7.240000000000000000e+02 5.250000000000000000e+02
7.250000000000000000e+02 5.230000000000000000e+02
7.260000000000000000e+02 5.200000000000000000e+02
7.270000000000000000e+02 5.180000000000000000e+02
7.280000000000000000e+02 5.130000000000000000e+02
7.290000000000000000e+02 5.120000000000000000e+02
7.300000000000000000e+02 5.060000000000000000e+02
7.310000000000000000e+02 5.060000000000000000e+02
7.320000000000000000e+02 5.010000000000000000e+02
7.330000000000000000e+02 4.990000000000000000e+02
7.340000000000000000e+02 4.960000000000000000e+02
7.350000000000000000e+02 4.920000000000000000e+02
7.360000000000000000e+02 4.900000000000000000e+02
7.370000000000000000e+02 4.880000000000000000e+02
7.380000000000000000e+02 4.860000000000000000e+02
7.390000000000000000e+02 4.860000000000000000e+02
7.400000000000000000e+02 4.810000000000000000e+02
7.410000000000000000e+02 4.810000000000000000e+02
7.420000000000000000e+02 4.800000000000000000e+02
7.430000000000000000e+02 4.780000000000000000e+02
7.440000000000000000e+02 4.750000000000000000e+02
7.450000000000000000e+02 4.730000000000000000e+02
7.460000000000000000e+02 4.730000000000000000e+02
7.470000000000000000e+02 4.700000000000000000e+02
7.480000000000000000e+02 4.670000000000000000e+02
7.490000000000000000e+02 4.650000000000000000e+02
7.500000000000000000e+02 4.640000000000000000e+02
7.510000000000000000e+02 4.640000000000000000e+02
7.520000000000000000e+02 4.610000000000000000e+02
7.530000000000000000e+02 4.580000000000000000e+02
7.540000000000000000e+02 4.570000000000000000e+02
7.550000000000000000e+02 4.550000000000000000e+02
7.560000000000000000e+02 4.500000000000000000e+02
7.570000000000000000e+02 4.490000000000000000e+02
7.580000000000000000e+02 4.460000000000000000e+02
7.590000000000000000e+02 4.450000000000000000e+02
7.600000000000000000e+02 4.420000000000000000e+02
7.610000000000000000e+02 4.390000000000000000e+02
7.620000000000000000e+02 4.360000000000000000e+02
7.630000000000000000e+02 4.330000000000000000e+02
7.640000000000000000e+02 4.320000000000000000e+02
7.650000000000000000e+02 4.310000000000000000e+02
7.660000000000000000e+02 4.290000000000000000e+02
7.670000000000000000e+02 4.270000000000000000e+02
7.680000000000000000e+02 4.240000000000000000e+02
7.690000000000000000e+02 4.220000000000000000e+02
7.700000000000000000e+02 4.190000000000000000e+02
7.710000000000000000e+02 4.150000000000000000e+02
7.720000000000000000e+02 4.100000000000000000e+02
7.730000000000000000e+02 4.080000000000000000e+02
7.740000000000000000e+02 4.060000000000000000e+02
7.750000000000000000e+02 4.040000000000000000e+02
7.760000000000000000e+02 4.010000000000000000e+02
7.770000000000000000e+02 3.940000000000000000e+02
7.780000000000000000e+02 3.920000000000000000e+02
7.790000000000000000e+02 3.870000000000000000e+02
7.800000000000000000e+02 3.840000000000000000e+02
7.810000000000000000e+02 3.820000000000000000e+02
7.820000000000000000e+02 3.810000000000000000e+02
7.830000000000000000e+02 3.800000000000000000e+02
7.840000000000000000e+02 3.770000000000000000e+02
7.850000000000000000e+02 3.770000000000000000e+02
7.860000000000000000e+02 3.770000000000000000e+02
7.870000000000000000e+02 3.740000000000000000e+02
7.880000000000000000e+02 3.700000000000000000e+02
7.890000000000000000e+02 3.680000000000000000e+02
7.900000000000000000e+02 3.630000000000000000e+02
7.910000000000000000e+02 3.630000000000000000e+02
7.920000000000000000e+02 3.620000000000000000e+02
7.930000000000000000e+02 3.620000000000000000e+02
7.940000000000000000e+02 3.610000000000000000e+02
7.950000000000000000e+02 3.590000000000000000e+02
7.960000000000000000e+02 3.570000000000000000e+02
7.970000000000000000e+02 3.560000000000000000e+02
7.980000000000000000e+02 3.540000000000000000e+02
7.990000000000000000e+02 3.500000000000000000e+02
8.000000000000000000e+02 3.480000000000000000e+02
8.010000000000000000e+02 3.460000000000000000e+02
8.020000000000000000e+02 3.450000000000000000e+02
8.030000000000000000e+02 3.440000000000000000e+02
8.040000000000000000e+02 3.410000000000000000e+02
8.050000000000000000e+02 3.400000000000000000e+02
8.060000000000000000e+02 3.370000000000000000e+02
8.070000000000000000e+02 3.340000000000000000e+02
8.080000000000000000e+02 3.320000000000000000e+02
8.090000000000000000e+02 3.310000000000000000e+02
8.100000000000000000e+02 3.290000000000000000e+02
8.110000000000000000e+02 3.290000000000000000e+02
8.120000000000000000e+02 3.260000000000000000e+02
8.130000000000000000e+02 3.250000000000000000e+02
8.140000000000000000e+02 3.200000000000000000e+02
8.150000000000000000e+02 3.130000000000000000e+02
8.160000000000000000e+02 3.120000000000000000e+02
8.170000000000000000e+02 3.110000000000000000e+02
8.180000000000000000e+02 3.090000000000000000e+02
8.190000000000000000e+02 3.070000000000000000e+02
8.200000000000000000e+02 3.070000000000000000e+02
8.210000000000000000e+02 3.060000000000000000e+02
8.220000000000000000e+02 3.060000000000000000e+02
8.230000000000000000e+02 3.050000000000000000e+02
8.240000000000000000e+02 3.030000000000000000e+02
8.250000000000000000e+02 2.990000000000000000e+02
8.260000000000000000e+02 2.960000000000000000e+02
8.270000000000000000e+02 2.960000000000000000e+02
8.280000000000000000e+02 2.960000000000000000e+02
8.290000000000000000e+02 2.930000000000000000e+02
8.300000000000000000e+02 2.910000000000000000e+02
8.310000000000000000e+02 2.870000000000000000e+02
8.320000000000000000e+02 2.860000000000000000e+02
8.330000000000000000e+02 2.840000000000000000e+02
8.340000000000000000e+02 2.840000000000000000e+02
8.350000000000000000e+02 2.830000000000000000e+02
8.360000000000000000e+02 2.830000000000000000e+02
8.370000000000000000e+02 2.810000000000000000e+02
8.380000000000000000e+02 2.810000000000000000e+02
8.390000000000000000e+02 2.810000000000000000e+02
8.400000000000000000e+02 2.790000000000000000e+02
8.410000000000000000e+02 2.780000000000000000e+02
8.420000000000000000e+02 2.760000000000000000e+02
8.430000000000000000e+02 2.740000000000000000e+02
8.440000000000000000e+02 2.710000000000000000e+02
8.450000000000000000e+02 2.690000000000000000e+02
8.460000000000000000e+02 2.690000000000000000e+02
8.470000000000000000e+02 2.690000000000000000e+02
8.480000000000000000e+02 2.680000000000000000e+02
8.490000000000000000e+02 2.670000000000000000e+02
8.500000000000000000e+02 2.660000000000000000e+02
8.510000000000000000e+02 2.660000000000000000e+02
8.520000000000000000e+02 2.630000000000000000e+02
8.530000000000000000e+02 2.620000000000000000e+02
8.540000000000000000e+02 2.600000000000000000e+02
8.550000000000000000e+02 2.600000000000000000e+02
8.560000000000000000e+02 2.580000000000000000e+02
8.570000000000000000e+02 2.580000000000000000e+02
8.580000000000000000e+02 2.560000000000000000e+02
8.590000000000000000e+02 2.550000000000000000e+02
8.600000000000000000e+02 2.540000000000000000e+02
8.610000000000000000e+02 2.500000000000000000e+02
8.620000000000000000e+02 2.500000000000000000e+02
8.630000000000000000e+02 2.490000000000000000e+02
8.640000000000000000e+02 2.480000000000000000e+02
8.650000000000000000e+02 2.470000000000000000e+02
8.660000000000000000e+02 2.460000000000000000e+02
8.670000000000000000e+02 2.450000000000000000e+02
8.680000000000000000e+02 2.450000000000000000e+02
8.690000000000000000e+02 2.440000000000000000e+02
8.700000000000000000e+02 2.440000000000000000e+02
8.710000000000000000e+02 2.440000000000000000e+02
8.720000000000000000e+02 2.430000000000000000e+02
8.730000000000000000e+02 2.420000000000000000e+02
8.740000000000000000e+02 2.390000000000000000e+02
8.750000000000000000e+02 2.390000000000000000e+02
8.760000000000000000e+02 2.380000000000000000e+02
8.770000000000000000e+02 2.350000000000000000e+02
8.780000000000000000e+02 2.340000000000000000e+02
8.790000000000000000e+02 2.320000000000000000e+02
8.800000000000000000e+02 2.310000000000000000e+02
8.810000000000000000e+02 2.310000000000000000e+02
8.820000000000000000e+02 2.310000000000000000e+02
8.830000000000000000e+02 2.300000000000000000e+02
8.840000000000000000e+02 2.290000000000000000e+02
8.850000000000000000e+02 2.280000000000000000e+02
8.860000000000000000e+02 2.260000000000000000e+02
8.870000000000000000e+02 2.260000000000000000e+02
8.880000000000000000e+02 2.240000000000000000e+02
8.890000000000000000e+02 2.220000000000000000e+02
8.900000000000000000e+02 2.210000000000000000e+02
8.910000000000000000e+02 2.180000000000000000e+02
8.920000000000000000e+02 2.170000000000000000e+02
8.930000000000000000e+02 2.170000000000000000e+02
8.940000000000000000e+02 2.170000000000000000e+02
8.950000000000000000e+02 2.150000000000000000e+02
8.960000000000000000e+02 2.140000000000000000e+02
8.970000000000000000e+02 2.130000000000000000e+02
8.980000000000000000e+02 2.120000000000000000e+02
8.990000000000000000e+02 2.100000000000000000e+02
9.000000000000000000e+02 2.100000000000000000e+02
9.010000000000000000e+02 2.090000000000000000e+02
9.020000000000000000e+02 2.080000000000000000e+02
9.030000000000000000e+02 2.060000000000000000e+02
9.040000000000000000e+02 2.050000000000000000e+02
9.050000000000000000e+02 2.020000000000000000e+02
9.060000000000000000e+02 2.020000000000000000e+02
9.070000000000000000e+02 2.010000000000000000e+02
9.080000000000000000e+02 2.000000000000000000e+02
9.090000000000000000e+02 2.000000000000000000e+02
9.100000000000000000e+02 2.000000000000000000e+02
9.110000000000000000e+02 2.000000000000000000e+02
9.120000000000000000e+02 1.980000000000000000e+02
9.130000000000000000e+02 1.970000000000000000e+02
9.140000000000000000e+02 1.970000000000000000e+02
9.150000000000000000e+02 1.960000000000000000e+02
9.160000000000000000e+02 1.960000000000000000e+02
9.170000000000000000e+02 1.960000000000000000e+02
9.180000000000000000e+02 1.950000000000000000e+02
9.190000000000000000e+02 1.920000000000000000e+02
9.200000000000000000e+02 1.900000000000000000e+02
9.210000000000000000e+02 1.900000000000000000e+02
9.220000000000000000e+02 1.900000000000000000e+02
9.230000000000000000e+02 1.890000000000000000e+02
9.240000000000000000e+02 1.890000000000000000e+02
9.250000000000000000e+02 1.860000000000000000e+02
9.260000000000000000e+02 1.830000000000000000e+02
9.270000000000000000e+02 1.810000000000000000e+02
9.280000000000000000e+02 1.790000000000000000e+02
9.290000000000000000e+02 1.780000000000000000e+02
9.300000000000000000e+02 1.770000000000000000e+02
9.310000000000000000e+02 1.770000000000000000e+02
9.320000000000000000e+02 1.760000000000000000e+02
9.330000000000000000e+02 1.740000000000000000e+02
9.340000000000000000e+02 1.730000000000000000e+02
9.350000000000000000e+02 1.730000000000000000e+02
9.360000000000000000e+02 1.720000000000000000e+02
9.370000000000000000e+02 1.700000000000000000e+02
9.380000000000000000e+02 1.700000000000000000e+02
9.390000000000000000e+02 1.700000000000000000e+02
9.400000000000000000e+02 1.690000000000000000e+02
9.410000000000000000e+02 1.680000000000000000e+02
9.420000000000000000e+02 1.670000000000000000e+02
9.430000000000000000e+02 1.660000000000000000e+02
9.440000000000000000e+02 1.650000000000000000e+02
9.450000000000000000e+02 1.640000000000000000e+02
9.460000000000000000e+02 1.630000000000000000e+02
9.470000000000000000e+02 1.630000000000000000e+02
9.480000000000000000e+02 1.610000000000000000e+02
9.490000000000000000e+02 1.600000000000000000e+02
9.500000000000000000e+02 1.580000000000000000e+02
9.510000000000000000e+02 1.580000000000000000e+02
9.520000000000000000e+02 1.570000000000000000e+02
9.530000000000000000e+02 1.570000000000000000e+02
9.540000000000000000e+02 1.570000000000000000e+02
9.550000000000000000e+02 1.540000000000000000e+02
9.560000000000000000e+02 1.510000000000000000e+02
9.570000000000000000e+02 1.510000000000000000e+02
9.580000000000000000e+02 1.500000000000000000e+02
9.590000000000000000e+02 1.480000000000000000e+02
9.600000000000000000e+02 1.470000000000000000e+02
9.610000000000000000e+02 1.460000000000000000e+02
9.620000000000000000e+02 1.450000000000000000e+02
9.630000000000000000e+02 1.440000000000000000e+02
9.640000000000000000e+02 1.440000000000000000e+02
9.650000000000000000e+02 1.430000000000000000e+02
9.660000000000000000e+02 1.430000000000000000e+02
9.670000000000000000e+02 1.420000000000000000e+02
9.680000000000000000e+02 1.420000000000000000e+02
9.690000000000000000e+02 1.400000000000000000e+02
9.700000000000000000e+02 1.390000000000000000e+02
9.710000000000000000e+02 1.390000000000000000e+02
9.720000000000000000e+02 1.390000000000000000e+02
9.730000000000000000e+02 1.390000000000000000e+02
9.740000000000000000e+02 1.390000000000000000e+02
9.750000000000000000e+02 1.380000000000000000e+02
9.760000000000000000e+02 1.380000000000000000e+02
9.770000000000000000e+02 1.380000000000000000e+02
9.780000000000000000e+02 1.370000000000000000e+02
9.790000000000000000e+02 1.370000000000000000e+02
9.800000000000000000e+02 1.360000000000000000e+02
9.810000000000000000e+02 1.360000000000000000e+02
9.820000000000000000e+02 1.360000000000000000e+02
9.830000000000000000e+02 1.360000000000000000e+02
9.840000000000000000e+02 1.340000000000000000e+02
9.850000000000000000e+02 1.340000000000000000e+02
9.860000000000000000e+02 1.340000000000000000e+02
9.870000000000000000e+02 1.340000000000000000e+02
9.880000000000000000e+02 1.340000000000000000e+02
9.890000000000000000e+02 1.340000000000000000e+02
9.900000000000000000e+02 1.340000000000000000e+02
9.910000000000000000e+02 1.340000000000000000e+02
9.920000000000000000e+02 1.340000000000000000e+02
9.930000000000000000e+02 1.340000000000000000e+02
9.940000000000000000e+02 1.320000000000000000e+02
9.950000000000000000e+02 1.280000000000000000e+02
9.960000000000000000e+02 1.270000000000000000e+02
9.970000000000000000e+02 1.270000000000000000e+02
9.980000000000000000e+02 1.260000000000000000e+02
9.990000000000000000e+02 1.250000000000000000e+02
